[gd_resource type="Skin" format=3 uid="uid://v2lqtc2gasd8"]

[resource]
resource_name = "Skin"
bind_count = 10
bind/0/name = &"root"
bind/0/bone = -1
bind/0/pose = Transform3D(1, 0, 0, 0, 1, 8.1403e-08, 0, -8.1403e-08, 1, 0, 0, 0)
bind/1/name = &"body"
bind/1/bone = -1
bind/1/pose = Transform3D(1, 4.64765e-08, 3.78333e-15, 0, -8.1403e-08, 1, 4.64765e-08, -1, -8.1403e-08, 1.39768e-05, -0.00723516, -0.000206529)
bind/2/name = &"ear.L"
bind/2/bone = -1
bind/2/pose = Transform3D(0.814383, 4.4137e-08, -0.580328, 0.580276, 0.013314, 0.814311, 0.00772651, -0.999911, 0.0108427, 0.00431319, -0.0103497, -0.00531933)
bind/3/name = &"ear.R"
bind/3/bone = -1
bind/3/pose = Transform3D(0.814383, -4.4137e-08, 0.580328, -0.580276, 0.0133142, 0.814311, -0.00772664, -0.999911, 0.0108428, -0.00431319, -0.0103497, -0.00531933)
bind/4/name = &"tail.01"
bind/4/bone = -1
bind/4/pose = Transform3D(-1, 1.09426e-07, 1.64297e-07, -3.73587e-11, 0.832191, -0.554489, -1.97403e-07, -0.554489, -0.832191, -2.45369e-09, 0.000853144, 0.0124318)
bind/5/name = &"tail.02"
bind/5/bone = -1
bind/5/pose = Transform3D(-1, -7.45457e-08, -4.56693e-08, 3.36738e-14, 0.522396, -0.852703, 8.74228e-08, -0.852703, -0.522396, 1.12298e-09, 0.0018389, 0.0128473)
bind/6/name = &"leg.F.L"
bind/6/bone = -1
bind/6/pose = Transform3D(-1, 8.74228e-08, 1.7219e-14, -1.01026e-14, 8.1403e-08, -1, -8.74228e-08, -1, -8.1403e-08, 0.00233632, 0.00602697, -0.00212301)
bind/7/name = &"leg.B.L"
bind/7/bone = -1
bind/7/pose = Transform3D(-1, 8.74228e-08, 4.75267e-14, -4.04102e-14, 8.1403e-08, -1, -8.74228e-08, -1, -8.1403e-08, 0.00233632, 0.00602697, 0.00702468)
bind/8/name = &"leg.F.R"
bind/8/bone = -1
bind/8/pose = Transform3D(-1, 8.74228e-08, 1.7219e-14, -1.01026e-14, 8.1403e-08, -1, -8.74228e-08, -1, -8.1403e-08, -0.00233632, 0.00602697, -0.00212301)
bind/9/name = &"leg.B.R"
bind/9/bone = -1
bind/9/pose = Transform3D(-1, 8.74228e-08, 4.75267e-14, -4.04102e-14, 8.1403e-08, -1, -8.74228e-08, -1, -8.1403e-08, -0.00233632, 0.00602697, 0.00702468)
