[gd_resource type="Skin" format=3 uid="uid://dgjh2ldpu2i14"]

[resource]
resource_name = "Skin"
bind_count = 8
bind/0/name = &"root"
bind/0/bone = -1
bind/0/pose = Transform3D(1, 0, 0, 0, 1, 0, 0, 0, 1, 0, 0, 0)
bind/1/name = &"body"
bind/1/bone = -1
bind/1/pose = Transform3D(1, 1.19209e-07, 0, 0, 0, 1, 1.19209e-07, -1, 0, -4.82846e-11, -0.00827675, 0.00040504)
bind/2/name = &"tail.01"
bind/2/bone = -1
bind/2/pose = Transform3D(-1, -1.3477e-07, -2.34196e-07, 6.98492e-14, 0.866734, -0.498771, 2.70205e-07, -0.498771, -0.866734, 2.30912e-09, -0.00098035, 0.00854581)
bind/3/name = &"tail.02"
bind/3/bone = -1
bind/3/pose = Transform3D(-1, -1.44494e-07, -2.28325e-07, -3.49246e-14, 0.845007, -0.534755, 2.70205e-07, -0.534756, -0.845006, 1.98528e-09, -0.0010248, 0.0073473)
bind/4/name = &"wing.L"
bind/4/bone = -1
bind/4/pose = Transform3D(-0.952131, 0.0221782, -0.304884, 0.150183, 0.902637, -0.403351, 0.266254, -0.429831, -0.86276, 0.00596492, 0.00152651, 0.00532113)
bind/5/name = &"wing.R"
bind/5/bone = -1
bind/5/pose = Transform3D(-0.952131, -0.0221781, 0.304884, -0.150183, 0.902637, -0.40335, -0.266254, -0.429831, -0.86276, -0.00596492, 0.00152651, 0.00532113)
bind/6/name = &"feet.L"
bind/6/bone = -1
bind/6/pose = Transform3D(-1, -1.50996e-07, 0, 0, 0, -1, 1.50996e-07, -1, 0, 0.00167351, 0.00399369, 0.000829289)
bind/7/name = &"feet.R"
bind/7/bone = -1
bind/7/pose = Transform3D(-1, -1.50996e-07, 0, 0, 0, -1, 1.50996e-07, -1, 0, -0.00167351, 0.00399369, 0.00082929)
