[gd_resource type="Skin" format=3 uid="uid://cd0o1g3knv61j"]

[resource]
resource_name = "Skin"
bind_count = 9
bind/0/name = &"root"
bind/0/bone = -1
bind/0/pose = Transform3D(1, 0, 0, 0, 0.999998, -0.00183652, 0, 0.00183652, 0.999998, 0, 5.36213e-08, -2.91971e-05)
bind/1/name = &"body"
bind/1/bone = -1
bind/1/pose = Transform3D(1, 4.02905e-08, 2.68152e-14, -2.11676e-15, -6.12927e-07, 1, 4.02905e-08, -1, -6.65546e-07, 1.3012e-05, -0.0126416, 3.3613e-05)
bind/2/name = &"ear.L"
bind/2/bone = -1
bind/2/pose = Transform3D(0.567349, -7.62939e-09, -0.823478, 0.82339, -0.0145938, 0.567288, -0.0120177, -0.999894, -0.00827982, 0.0193149, -0.016268, -0.00774199)
bind/3/name = &"ear.R"
bind/3/bone = -1
bind/3/pose = Transform3D(0.567349, 7.62939e-09, 0.823478, -0.82339, -0.0145939, 0.567288, 0.0120177, -0.999894, -0.00827986, -0.0193149, -0.016268, -0.00774199)
bind/4/name = &"tail.01"
bind/4/bone = -1
bind/4/pose = Transform3D(-1, 1.31818e-07, 1.37748e-07, -2.67913e-10, 0.721515, -0.6924, -1.90658e-07, -0.692399, -0.721515, -2.90709e-09, 0.00350904, 0.0152455)
bind/5/name = &"leg.F.L"
bind/5/bone = -1
bind/5/pose = Transform3D(-1, 8.74228e-08, -9.4028e-15, 6.97035e-14, 6.12927e-07, -1, -8.74228e-08, -1, -6.65546e-07, 0.00302099, 0.0112922, -0.00603511)
bind/6/name = &"leg.B.L"
bind/6/bone = -1
bind/6/pose = Transform3D(-0.999556, -1.7662e-07, 0.0298127, -0.0294242, 0.160927, -0.986527, -0.00479732, -0.986966, -0.160856, 0.00412952, 0.00985105, 0.00640784)
bind/7/name = &"leg.F.R"
bind/7/bone = -1
bind/7/pose = Transform3D(-1, 8.74228e-08, -9.4028e-15, 6.97035e-14, 6.12927e-07, -1, -8.74228e-08, -1, -6.65546e-07, -0.00302099, 0.0112922, -0.00603511)
bind/8/name = &"leg.B.R"
bind/8/bone = -1
bind/8/pose = Transform3D(-0.999556, 1.44959e-07, -0.0298127, 0.0294242, 0.160927, -0.986528, 0.00479771, -0.986967, -0.160856, -0.00412952, 0.00985106, 0.00640784)
