[gd_resource type="Skin" format=3 uid="uid://s78q3crkohxg"]

[resource]
resource_name = "Skin"
bind_count = 10
bind/0/name = &"root"
bind/0/bone = -1
bind/0/pose = Transform3D(1, 0, 0, 0, 1, 0, 0, 0, 1, 0, 0, 0)
bind/1/name = &"body"
bind/1/bone = -1
bind/1/pose = Transform3D(1, 0, 0, 0, 0, 1, 0, -1, 0, 0, -0.00858451, 0)
bind/2/name = &"ear.L"
bind/2/bone = -1
bind/2/pose = Transform3D(0.932365, -0.0100349, -0.361379, 0.355668, 0.204567, 0.91195, 0.0647747, -0.978801, 0.1943, 0.00351036, -0.0124761, -0.00869101)
bind/3/name = &"ear.R"
bind/3/bone = -1
bind/3/pose = Transform3D(0.932365, 0.0100349, 0.361379, -0.355668, 0.204567, 0.91195, -0.0647747, -0.978801, 0.1943, -0.00351036, -0.0124761, -0.00869101)
bind/4/name = &"tail.01"
bind/4/bone = -1
bind/4/pose = Transform3D(1, 4.30433e-08, -7.24755e-08, 2.91038e-15, 0.859798, 0.510635, 8.42937e-08, -0.510635, 0.859798, 3.14036e-10, -0.011264, -0.0037255)
bind/5/name = &"tail.02"
bind/5/bone = -1
bind/5/pose = Transform3D(1, 1.96128e-07, 1.50054e-08, 2.18279e-14, -0.0762853, 0.997086, 1.96701e-07, -0.997086, -0.0762852, -2.40284e-09, -0.0102024, 0.0122157)
bind/6/name = &"leg.F.L"
bind/6/bone = -1
bind/6/pose = Transform3D(-1, -1.46455e-07, 3.67533e-08, 9.02216e-14, -0.243407, -0.969924, 1.50995e-07, -0.969922, 0.243406, 0.00195063, 0.00758482, -0.00442102)
bind/7/name = &"leg.B.L"
bind/7/bone = -1
bind/7/pose = Transform3D(-0.999762, 1.48582e-07, -0.0218207, 0.0216298, -0.131963, -0.991019, -0.00287881, -0.991252, 0.131931, 0.00370835, 0.00794786, 0.00497603)
bind/8/name = &"leg.F.R"
bind/8/bone = -1
bind/8/pose = Transform3D(-1, -1.46455e-07, 3.67533e-08, 9.02216e-14, -0.243407, -0.969924, 1.50995e-07, -0.969922, 0.243406, -0.00195063, 0.00758482, -0.00442102)
bind/9/name = &"leg.B.R"
bind/9/bone = -1
bind/9/pose = Transform3D(-0.999762, -1.48582e-07, 0.0218207, -0.0216298, -0.131963, -0.991019, 0.00287881, -0.991252, 0.131931, -0.00370835, 0.00794786, 0.00497603)
