[gd_resource type="Skin" format=3 uid="uid://dr3ojfuhulwiv"]

[resource]
resource_name = "Skin"
bind_count = 10
bind/0/name = &"root"
bind/0/bone = -1
bind/0/pose = Transform3D(1, 0, 0, 0, 1, -5.40533e-08, 0, 5.40533e-08, 1, 0, 0, 0)
bind/1/name = &"body"
bind/1/bone = -1
bind/1/pose = Transform3D(1, 0, 0, 0, 5.40533e-08, 1, 0, -1, 5.40533e-08, 2.3047e-19, -0.00834224, 0.00109734)
bind/2/name = &"ear.L"
bind/2/bone = -1
bind/2/pose = Transform3D(0.714368, -2.44141e-08, -0.69977, 0.57057, 0.578944, 0.582472, 0.405128, -0.815367, 0.413579, 0.0079461, -0.00513119, -0.0123686)
bind/3/name = &"ear.R"
bind/3/bone = -1
bind/3/pose = Transform3D(0.714368, 2.44141e-08, 0.69977, -0.57057, 0.578944, 0.582472, -0.405128, -0.815367, 0.413579, -0.0079461, -0.00513119, -0.0123686)
bind/4/name = &"tail.01"
bind/4/bone = -1
bind/4/pose = Transform3D(-1, -1.11096e-07, -1.02261e-07, 6.98493e-14, 0.677244, -0.735759, 1.50996e-07, -0.735759, -0.677244, 1.87739e-09, 0.00294945, 0.0124334)
bind/5/name = &"tail.02"
bind/5/bone = -1
bind/5/pose = Transform3D(-1, 1.24013e-07, 8.61429e-08, 9.89531e-14, 0.570498, -0.8213, -1.50996e-07, -0.821299, -0.570498, -1.90153e-09, -0.000308065, 0.0125932)
bind/6/name = &"leg.F.L"
bind/6/bone = -1
bind/6/pose = Transform3D(-1, 8.74228e-08, 1.83977e-15, -6.56526e-15, -5.40533e-08, -1, -8.74228e-08, -1, 5.40533e-08, 0.00230849, 0.00793693, -0.00507452)
bind/7/name = &"leg.B.L"
bind/7/bone = -1
bind/7/pose = Transform3D(-1, 8.74228e-08, -1.44286e-15, -3.28263e-15, -5.40533e-08, -1, -8.74228e-08, -1, 5.40533e-08, 0.00230849, 0.00793694, 0.00581532)
bind/8/name = &"leg.F.R"
bind/8/bone = -1
bind/8/pose = Transform3D(-1, 8.74228e-08, 1.83977e-15, -6.56526e-15, -5.40533e-08, -1, -8.74228e-08, -1, 5.40533e-08, -0.00230849, 0.00793693, -0.00507452)
bind/9/name = &"leg.B.R"
bind/9/bone = -1
bind/9/pose = Transform3D(-1, 8.74228e-08, -1.44286e-15, -3.28263e-15, -5.40533e-08, -1, -8.74228e-08, -1, 5.40533e-08, -0.00230849, 0.00793694, 0.00581532)
