[gd_resource type="Skin" format=3 uid="uid://efko820yxwxc"]

[resource]
resource_name = "Skin"
bind_count = 10
bind/0/name = &"root"
bind/0/bone = -1
bind/0/pose = Transform3D(1, 0, 0, 0, 1, 0, 0, 0, 1, 0, 0, 0)
bind/1/name = &"body"
bind/1/bone = -1
bind/1/pose = Transform3D(1, 0, 0, 0, 0, 1, 0, -1, 0, 0, -0.00741201, 0)
bind/2/name = &"tail.01"
bind/2/bone = -1
bind/2/pose = Transform3D(-1, -1.4411e-07, 4.50778e-08, 2.91038e-15, 0.298537, 0.954399, -1.50996e-07, 0.954398, -0.298537, 4.55374e-10, -0.00915635, -0.00301581)
bind/3/name = &"tail.02"
bind/3/bone = -1
bind/3/pose = Transform3D(-1, 7.85158e-08, 1.28977e-07, 5.82077e-15, 0.854174, -0.519987, -1.50996e-07, -0.519987, -0.854174, -3.10048e-09, 0.00199737, 0.0205336)
bind/4/name = &"ear.L"
bind/4/bone = -1
bind/4/pose = Transform3D(0.366697, -9.76562e-08, -0.93034, 0.628727, 0.737082, 0.247815, 0.685737, -0.675803, 0.270286, 0.00761078, 0.00156458, -0.00999836)
bind/5/name = &"ear.R"
bind/5/bone = -1
bind/5/pose = Transform3D(0.366697, 9.76562e-08, 0.93034, -0.628727, 0.737082, 0.247815, -0.685737, -0.675803, 0.270286, -0.00761078, 0.00156458, -0.00999836)
bind/6/name = &"leg.F.L"
bind/6/bone = -1
bind/6/pose = Transform3D(-1, -1.50996e-07, 0, 0, 0, -1, 1.50996e-07, -1, 0, 0.00153893, 0.00616974, -0.00305758)
bind/7/name = &"leg.B.L"
bind/7/bone = -1
bind/7/pose = Transform3D(-1, 8.74228e-08, 0, 0, 0, -1, -8.74228e-08, -1, 0, 0.00239727, 0.00654412, 0.00585352)
bind/8/name = &"leg.F.R"
bind/8/bone = -1
bind/8/pose = Transform3D(-1, 1.50996e-07, 0, 0, 0, -1, -1.50996e-07, -1, 0, -0.00153893, 0.00616974, -0.00305758)
bind/9/name = &"leg.B.R"
bind/9/bone = -1
bind/9/pose = Transform3D(-1, -8.74228e-08, 0, 0, 0, -1, 8.74228e-08, -1, 0, -0.00239727, 0.00654412, 0.00585352)
