[gd_resource type="Skin" format=3 uid="uid://jmu18eymv800"]

[resource]
resource_name = "Skin"
bind_count = 9
bind/0/name = &"root"
bind/0/bone = -1
bind/0/pose = Transform3D(1, 0, 0, 0, 1, 0, 0, 0, 1, 0, 0, 0)
bind/1/name = &"body"
bind/1/bone = -1
bind/1/pose = Transform3D(1, 0, 0, 0, 0, 1, 0, -1, 0, 0, -0.0133057, 3.22521e-05)
bind/2/name = &"ear.L"
bind/2/bone = -1
bind/2/pose = Transform3D(0.854118, -3.8147e-08, -0.520079, 0.51971, -0.0376352, 0.853513, -0.0195733, -0.999292, -0.0321449, 0.00591637, -0.0165213, -0.0074781)
bind/3/name = &"ear.R"
bind/3/bone = -1
bind/3/pose = Transform3D(0.854118, 3.8147e-08, 0.520079, -0.51971, -0.0376352, 0.853513, 0.0195733, -0.999292, -0.0321449, -0.00591637, -0.0165213, -0.0074781)
bind/4/name = &"tail.01"
bind/4/bone = -1
bind/4/pose = Transform3D(1, 5.32382e-08, -6.53538e-08, 0, 0.775311, 0.63158, 8.42937e-08, -0.63158, 0.775311, 3.33411e-10, -0.0184284, -0.00395535)
bind/5/name = &"leg.F.L"
bind/5/bone = -1
bind/5/pose = Transform3D(-0.999337, 2.13237e-07, -0.0361109, 0.0360819, -0.0397264, -0.998559, -0.00141133, -0.999198, 0.0396999, 0.00413028, 0.012397, -0.00606699)
bind/6/name = &"leg.F.R"
bind/6/bone = -1
bind/6/pose = Transform3D(-0.999337, -2.13237e-07, 0.0361109, -0.0360819, -0.0397264, -0.998559, 0.00141133, -0.999198, 0.0396999, -0.00413028, 0.012397, -0.00606699)
bind/7/name = &"leg.B.L"
bind/7/bone = -1
bind/7/pose = Transform3D(-1, -1.69629e-07, 0.000174994, -0.000167934, 0.282103, -0.959384, -4.92069e-05, -0.959386, -0.282105, 0.0066664, 0.00643117, 0.00884917)
bind/8/name = &"leg.B.R"
bind/8/bone = -1
bind/8/pose = Transform3D(-1, 1.69629e-07, -0.000174994, 0.000167934, 0.282103, -0.959384, 4.92069e-05, -0.959386, -0.282105, -0.0066664, 0.00643117, 0.00884917)
