[gd_resource type="Skin" format=3 uid="uid://c2tj8yvcsotm8"]

[resource]
resource_name = "Skin"
bind_count = 10
bind/0/name = &"root"
bind/0/bone = -1
bind/0/pose = Transform3D(1, 0, 0, 0, 1, 0, 0, 0, 1, 0, 0, 0)
bind/1/name = &"body"
bind/1/bone = -1
bind/1/pose = Transform3D(1, 0, 0, 0, 0, 1, 0, -1, 0, 0, -0.004083, 0)
bind/2/name = &"tail.01"
bind/2/bone = -1
bind/2/pose = Transform3D(-1, -1.03755e-07, -6.192e-07, 9.31323e-14, 0.986251, -0.165259, 6.27833e-07, -0.165259, -0.98625, 2.3565e-09, -0.00620833, 0.00375338)
bind/3/name = &"tail.02"
bind/3/bone = -1
bind/3/pose = Transform3D(-1, 1.58118e-07, -0.00016919, -1.25729e-12, 1, 0.000934363, 0.00016919, 0.000934556, -1, 3.42797e-07, -0.0105635, 0.00202611)
bind/4/name = &"ear.L"
bind/4/bone = -1
bind/4/pose = Transform3D(0.417386, 1.17314e-07, -0.908729, 0.908729, 0.000345583, 0.417386, 0.00031409, -1, 0.000144135, 0.00389311, -0.00479822, -0.00331753)
bind/5/name = &"ear.R"
bind/5/bone = -1
bind/5/pose = Transform3D(0.417386, -1.17314e-07, 0.908729, -0.908729, 0.000345583, 0.417386, -0.00031409, -1, 0.000144135, -0.00389311, -0.00479822, -0.00331753)
bind/6/name = &"leg.F.L"
bind/6/bone = -1
bind/6/pose = Transform3D(-0.204467, 1.63078e-08, -0.978873, 0.978868, 0.00318598, -0.204466, 0.00311867, -0.999995, -0.000651445, 0.00232696, -0.00162214, -0.00291002)
bind/7/name = &"leg.B.L"
bind/7/bone = -1
bind/7/pose = Transform3D(-0.189005, 6.91414e-09, -0.981976, 0.981972, 0.00294511, -0.189004, 0.00289203, -0.999996, -0.000556647, 0.00198217, -0.00133183, 0.00478831)
bind/8/name = &"leg.F.R"
bind/8/bone = -1
bind/8/pose = Transform3D(-0.204467, -1.63078e-08, 0.978873, -0.978868, 0.00318598, -0.204466, -0.00311867, -0.999995, -0.000651445, -0.00232696, -0.00162214, -0.00291002)
bind/9/name = &"leg.B.R"
bind/9/bone = -1
bind/9/pose = Transform3D(-0.189005, -6.91414e-09, 0.981976, -0.981972, 0.00294511, -0.189004, -0.00289203, -0.999996, -0.000556647, -0.00198217, -0.00133183, 0.00478831)
