[gd_resource type="Skin" format=3 uid="uid://cc17r1gomtmms"]

[resource]
resource_name = "Skin"
bind_count = 6
bind/0/name = &"root"
bind/0/bone = -1
bind/0/pose = Transform3D(1, 0, 0, 0, 1, 0, 0, 0, 1, 0, 0, 0)
bind/1/name = &"body"
bind/1/bone = -1
bind/1/pose = Transform3D(1, 2.38419e-07, 0, 0, 0, 1, 2.38419e-07, -1, 0, 1.11024e-11, -0.0083097, -4.65667e-05)
bind/2/name = &"tail.01"
bind/2/bone = -1
bind/2/pose = Transform3D(1, -3.76892e-08, -2.35421e-07, -5.82076e-15, 0.987426, -0.15808, 2.38419e-07, 0.15808, 0.987426, 1.03673e-09, -0.00752393, -0.00854853)
bind/3/name = &"tail.02"
bind/3/bone = -1
bind/3/pose = Transform3D(1, -5.23925e-08, -2.32591e-07, -2.32831e-14, 0.975556, -0.21975, 2.38419e-07, 0.21975, 0.975556, 1.23509e-09, -0.0129595, -0.0093805)
bind/4/name = &"fin.L"
bind/4/bone = -1
bind/4/pose = Transform3D(-0.881593, 0.153877, -0.446222, 0.471014, 0.348157, -0.810514, 0.0306355, -0.924721, -0.379411, 0.00697276, 0.00334959, -0.00290288)
bind/5/name = &"fin.R"
bind/5/bone = -1
bind/5/pose = Transform3D(-0.881593, -0.153877, 0.446223, -0.471014, 0.348157, -0.810514, -0.0306357, -0.924721, -0.379411, -0.00697277, 0.00334959, -0.00290288)
