[gd_resource type="Skin" format=3 uid="uid://cl7qshudq47w"]

[resource]
resource_name = "Skin"
bind_count = 10
bind/0/name = &"root"
bind/0/bone = -1
bind/0/pose = Transform3D(1, 0, 0, 0, 1, 0, 0, 0, 1, 0, 0, 0)
bind/1/name = &"body"
bind/1/bone = -1
bind/1/pose = Transform3D(1, 0, 0, 0, 0, 1, 0, -1, 0, 0, -0.0060394, 0)
bind/2/name = &"tail.01"
bind/2/bone = -1
bind/2/pose = Transform3D(-1, -8.2937e-08, -1.26179e-07, 2.91038e-14, 0.835647, -0.549267, 1.50996e-07, -0.549267, -0.835647, 1.0633e-09, 0.000477333, 0.00704189)
bind/3/name = &"tail.02"
bind/3/bone = -1
bind/3/pose = Transform3D(-1, 9.80143e-08, 1.14861e-07, 2.91038e-14, 0.760687, -0.649119, -1.50996e-07, -0.649119, -0.760687, -1.1257e-09, -0.00285012, 0.00745517)
bind/4/name = &"ear.L"
bind/4/bone = -1
bind/4/pose = Transform3D(0.995467, -1.33514e-08, -0.0951034, 0.0950266, -0.0401774, 0.994664, -0.00382102, -0.999193, -0.0399953, -0.00168257, -0.00642312, -0.00731828)
bind/5/name = &"ear.R"
bind/5/bone = -1
bind/5/pose = Transform3D(0.995467, 1.33514e-08, 0.0951034, -0.0950266, -0.0401774, 0.994664, 0.00382102, -0.999193, -0.0399953, 0.00168257, -0.00642312, -0.00731828)
bind/6/name = &"leg.F.L"
bind/6/bone = -1
bind/6/pose = Transform3D(-1, 8.74228e-08, 0, 0, 0, -1, -8.74228e-08, -1, 0, 0.00192527, 0.00519634, -0.00312478)
bind/7/name = &"leg.B.L"
bind/7/bone = -1
bind/7/pose = Transform3D(-1, 8.74228e-08, 0, 0, 0, -1, -8.74228e-08, -1, 0, 0.00228402, 0.00519634, 0.00159002)
bind/8/name = &"leg.F.R"
bind/8/bone = -1
bind/8/pose = Transform3D(-1, 8.74228e-08, 0, 0, 0, -1, -8.74228e-08, -1, 0, -0.00192527, 0.00519634, -0.00312478)
bind/9/name = &"leg.B.R"
bind/9/bone = -1
bind/9/pose = Transform3D(-1, 8.74228e-08, 0, 0, 0, -1, -8.74228e-08, -1, 0, -0.00228403, 0.00519634, 0.00159002)
