[gd_resource type="Skin" format=3 uid="uid://c152o4n7fl342"]

[resource]
resource_name = "Skin"
bind_count = 10
bind/0/name = &"root"
bind/0/bone = -1
bind/0/pose = Transform3D(1, 0, 0, 0, 1, -5.40533e-08, 0, 5.40533e-08, 1, 0, 0, 0)
bind/1/name = &"body"
bind/1/bone = -1
bind/1/pose = Transform3D(1, 0, 0, 0, 5.40533e-08, 1, 0, -1, 5.40533e-08, 2.12831e-19, -0.0075394, 0.00101336)
bind/2/name = &"ear.L"
bind/2/bone = -1
bind/2/pose = Transform3D(0.637205, 4.88281e-08, -0.770694, 0.704634, 0.405073, 0.582587, 0.312187, -0.914284, 0.258114, 0.00718509, -0.00452548, -0.00991743)
bind/3/name = &"ear.R"
bind/3/bone = -1
bind/3/pose = Transform3D(0.637205, -4.88281e-08, 0.770694, -0.704634, 0.405073, 0.582587, -0.312187, -0.914284, 0.258114, -0.00718509, -0.00452548, -0.00991743)
bind/4/name = &"tail.01"
bind/4/bone = -1
bind/4/pose = Transform3D(-1, -7.88705e-08, -1.2876e-07, 0, 0.85274, -0.522336, 1.50996e-07, -0.522336, -0.85274, 1.62371e-09, -0.000762496, 0.0107534)
bind/5/name = &"tail.02"
bind/5/bone = -1
bind/5/pose = Transform3D(-1, 9.63423e-08, 1.16266e-07, 0, 0.769998, -0.638047, -1.50996e-07, -0.638047, -0.769998, -1.72499e-09, -0.00391265, 0.0114241)
bind/6/name = &"leg.F.L"
bind/6/bone = -1
bind/6/pose = Transform3D(-1, 8.74228e-08, 2.38385e-15, -7.10934e-15, -5.40533e-08, -1, -8.74228e-08, -1, 5.40533e-08, 0.00213182, 0.00732951, -0.00468616)
bind/7/name = &"leg.B.L"
bind/7/bone = -1
bind/7/pose = Transform3D(-1, 8.74228e-08, -1.17082e-15, -3.55467e-15, -5.40533e-08, -1, -8.74228e-08, -1, 5.40533e-08, 0.00213182, 0.00732952, 0.00537027)
bind/8/name = &"leg.F.R"
bind/8/bone = -1
bind/8/pose = Transform3D(-1, 8.74228e-08, 2.38385e-15, -7.10934e-15, -5.40533e-08, -1, -8.74228e-08, -1, 5.40533e-08, -0.00213182, 0.00732951, -0.00468616)
bind/9/name = &"leg.B.R"
bind/9/bone = -1
bind/9/pose = Transform3D(-1, 8.74228e-08, -1.17082e-15, -3.55467e-15, -5.40533e-08, -1, -8.74228e-08, -1, 5.40533e-08, -0.00213182, 0.00732952, 0.00537027)
