[gd_resource type="Skin" format=3 uid="uid://ba3fmghokpa4n"]

[resource]
resource_name = "Skin"
bind_count = 10
bind/0/name = &"root"
bind/0/bone = -1
bind/0/pose = Transform3D(1, 0, 0, 0, 1, -4.41634e-08, 0, 4.41634e-08, 1, 0, 0, 0)
bind/1/name = &"body"
bind/1/bone = -1
bind/1/pose = Transform3D(1, 0, 0, 0, -3.13464e-07, 1, 0, -1, -2.6204e-07, 1.6205e-19, -0.0116572, -0.00052956)
bind/2/name = &"ear.L"
bind/2/bone = -1
bind/2/pose = Transform3D(0.237712, 5.49316e-08, -0.971336, 0.895999, 0.386139, 0.219275, 0.375071, -0.92244, 0.0917901, 0.0145872, -0.00357186, -0.00956001)
bind/3/name = &"ear.R"
bind/3/bone = -1
bind/3/pose = Transform3D(0.237712, -5.49316e-08, 0.971336, -0.895999, 0.386139, 0.219275, -0.375071, -0.92244, 0.0917901, -0.0145872, -0.00357186, -0.00956001)
bind/4/name = &"tail.01"
bind/4/bone = -1
bind/4/pose = Transform3D(1, -1.54854e-07, 4.66481e-07, 4.65661e-14, 0.949073, 0.315057, -4.91513e-07, -0.315057, 0.949073, -4.31331e-09, -0.00905966, -0.00877559)
bind/5/name = &"tail.02"
bind/5/bone = -1
bind/5/pose = Transform3D(1, 6.36119e-08, 2.41258e-09, -5.38421e-14, -0.0378995, 0.999282, 6.36576e-08, -0.999282, -0.0378993, -6.45174e-10, -0.0120811, 0.0101351)
bind/6/name = &"leg.F.L"
bind/6/bone = -1
bind/6/pose = Transform3D(-0.985447, -0.0404814, -0.165086, 0.169622, -0.2969, -0.939722, -0.0109702, -0.954048, 0.299445, 0.00436816, 0.00844056, -0.0076148)
bind/7/name = &"leg.B.L"
bind/7/bone = -1
bind/7/pose = Transform3D(-1, 8.74228e-08, 1.42936e-15, 2.14789e-14, 3.13464e-07, -1, -8.74228e-08, -1, -2.6204e-07, 0.00345428, 0.00970403, 0.00505507)
bind/8/name = &"leg.F.R"
bind/8/bone = -1
bind/8/pose = Transform3D(-0.985447, 0.0404814, 0.165086, -0.169622, -0.2969, -0.939722, 0.0109702, -0.954048, 0.299445, -0.00436816, 0.00844056, -0.0076148)
bind/9/name = &"leg.B.R"
bind/9/bone = -1
bind/9/pose = Transform3D(-1, -8.74228e-08, -1.42936e-15, -2.14789e-14, 3.13464e-07, -1, 8.74228e-08, -1, -2.6204e-07, -0.00345428, 0.00970403, 0.00505507)
