[gd_resource type="Skin" format=3 uid="uid://d7y3cltjin1b"]

[resource]
resource_name = "Skin"
bind_count = 10
bind/0/name = &"root"
bind/0/bone = -1
bind/0/pose = Transform3D(-1, 0, 1.50996e-07, 0, 1, 0, -1.50996e-07, 0, -1, 0, 0, 0)
bind/1/name = &"body"
bind/1/bone = -1
bind/1/pose = Transform3D(1, 3.01992e-07, -1.42109e-14, 1.42108e-14, 2.27997e-14, 1, 3.01992e-07, -1, -4.29156e-21, 1.01434e-16, -0.00713776, 3.06321e-23)
bind/2/name = &"tail.01"
bind/2/bone = -1
bind/2/pose = Transform3D(-0.999578, -0.00709671, 0.02818, 0, 0.969723, 0.24421, -0.0290598, 0.244107, -0.969313, -0.000184042, -0.00709196, 0.00633053)
bind/3/name = &"tail.02"
bind/3/bone = -1
bind/3/pose = Transform3D(-0.999962, -0.00833098, 0.00270093, -4.76837e-09, -0.3084, -0.951257, 0.00875789, -0.95122, 0.308389, 7.91781e-05, 0.0131468, 0.00904044)
bind/4/name = &"ear.L"
bind/4/bone = -1
bind/4/pose = Transform3D(-0.971882, 0.221248, 0.0805962, 0.0730268, -0.0421956, 0.996437, 0.22386, 0.974304, 0.0248521, 0.00305556, -0.00812171, 0.00624273)
bind/5/name = &"ear.R"
bind/5/bone = -1
bind/5/pose = Transform3D(-0.971882, -0.221248, -0.0805963, -0.0730268, -0.0421956, 0.996437, -0.22386, 0.974304, 0.0248521, -0.00305556, -0.00812171, 0.00624273)
bind/6/name = &"leg.F.L"
bind/6/bone = -1
bind/6/pose = Transform3D(-1, 5.6426e-07, 1.42109e-14, -1.42108e-14, -2.27997e-14, -1, -5.6426e-07, -1, 8.01862e-21, 0.00184672, 0.00566817, -0.00197004)
bind/7/name = &"leg.B.L"
bind/7/bone = -1
bind/7/pose = Transform3D(-1, 8.74228e-08, 1.42109e-14, -1.42108e-14, -2.27997e-14, -1, -8.74228e-08, -1, 1.24235e-21, 0.00219084, 0.006219, 0.00363101)
bind/8/name = &"leg.F.R"
bind/8/bone = -1
bind/8/pose = Transform3D(-1, -5.6426e-07, 1.42109e-14, -1.42108e-14, -2.27997e-14, -1, 5.6426e-07, -1, -8.01862e-21, -0.00184672, 0.00566817, -0.00197004)
bind/9/name = &"leg.B.R"
bind/9/bone = -1
bind/9/pose = Transform3D(-1, -8.74228e-08, 1.42109e-14, -1.42108e-14, -2.27997e-14, -1, 8.74228e-08, -1, -1.24235e-21, -0.00219084, 0.006219, 0.00363101)
