[gd_resource type="Skin" format=3 uid="uid://c0d0bkj41fbis"]

[resource]
resource_name = "Skin"
bind_count = 10
bind/0/name = &"root"
bind/0/bone = -1
bind/0/pose = Transform3D(1, 2.61488e-16, 0, -2.61488e-16, 1, 0, 0, 0, 1, 0, 0, 0)
bind/1/name = &"body"
bind/1/bone = -1
bind/1/pose = Transform3D(1, 0, 0, 0, 0, 1, 0, -1, 0, 8.27181e-26, -0.0129755, 0.000370785)
bind/2/name = &"ear.L"
bind/2/bone = -1
bind/2/pose = Transform3D(0.069965, 9.52244e-08, -0.997549, 0.997545, 0.00282559, 0.0699646, 0.00281867, -0.999996, 0.000197597, 0.0195225, -0.00454418, -0.00753058)
bind/3/name = &"ear.R"
bind/3/bone = -1
bind/3/pose = Transform3D(0.069965, -9.52244e-08, 0.997549, -0.997545, 0.00282559, 0.0699646, -0.00281867, -0.999996, 0.000197597, -0.0195225, -0.00454418, -0.00753058)
bind/4/name = &"tail.01"
bind/4/bone = -1
bind/4/pose = Transform3D(-1, 6.68553e-08, 1.1432e-07, -9.93669e-09, 0.822913, -0.568168, -1.3206e-07, -0.568168, -0.822913, -2.21593e-09, 0.00260632, 0.0196749)
bind/5/name = &"tail.02"
bind/5/bone = -1
bind/5/pose = Transform3D(-1, 5.6267e-08, 1.17877e-07, -7.57484e-08, 0.485388, -0.874299, -1.0641e-07, -0.874299, -0.485388, -2.11298e-09, 0.0052078, 0.0193758)
bind/6/name = &"leg.F.L"
bind/6/bone = -1
bind/6/pose = Transform3D(-1, 8.74228e-08, 0, 0, 0, -1, -8.74228e-08, -1, 0, 0.00437816, 0.0103973, -0.00555745)
bind/7/name = &"leg.B.L"
bind/7/bone = -1
bind/7/pose = Transform3D(-1, 8.74228e-08, 0, 0, 0, -1, -8.74228e-08, -1, 0, 0.00437816, 0.0103973, 0.00805501)
bind/8/name = &"leg.F.R"
bind/8/bone = -1
bind/8/pose = Transform3D(-1, 8.74228e-08, 0, 0, 0, -1, -8.74228e-08, -1, 0, -0.00437816, 0.0103973, -0.00555745)
bind/9/name = &"leg.B.R"
bind/9/bone = -1
bind/9/pose = Transform3D(-1, 8.74228e-08, 0, 0, 0, -1, -8.74228e-08, -1, 0, -0.00437816, 0.0103973, 0.00805501)
