[gd_resource type="Skin" format=3 uid="uid://02p3oypoce3e"]

[resource]
resource_name = "Skin"
bind_count = 12
bind/0/name = &"root"
bind/0/bone = -1
bind/0/pose = Transform3D(1, 0, 0, 0, 1, 0, 0, 0, 1, 0, 0, 0)
bind/1/name = &"body"
bind/1/bone = -1
bind/1/pose = Transform3D(1, 2.1057e-27, -1.28174e-09, 1.28174e-09, -1.64285e-18, 1, 2.1057e-27, -1, -2.69896e-36, 1.85546e-11, -0.0160288, 3.90704e-38)
bind/2/name = &"leg.B.L"
bind/2/bone = -1
bind/2/pose = Transform3D(-1, -1.50996e-07, 1.28174e-09, -1.28174e-09, 1.64287e-18, -1, 1.50996e-07, -1, -1.93537e-16, 0.0036465, 0.0132794, 0.00717068)
bind/3/name = &"leg.F.L"
bind/3/bone = -1
bind/3/pose = Transform3D(-1, -1.50996e-07, 1.28174e-09, -1.28174e-09, 1.64287e-18, -1, 1.50996e-07, -1, -1.93537e-16, 0.0036465, 0.0132794, -0.00599328)
bind/4/name = &"tail.01"
bind/4/bone = -1
bind/4/pose = Transform3D(-1, -6.11737e-08, -1.14015e-07, 1.07005e-08, 0.839058, -0.544042, 1.28946e-07, -0.544042, -0.839058, 2.56492e-09, 0.0019087, 0.0200565)
bind/5/name = &"tail.02"
bind/5/bone = -1
bind/5/pose = Transform3D(-1, -7.1685e-08, -5.03158e-08, -3.0445e-10, 0.577349, -0.816498, 8.75805e-08, -0.816498, -0.577349, 1.6893e-09, 0.00569664, 0.019322)
bind/6/name = &"neck.01"
bind/6/bone = -1
bind/6/pose = Transform3D(1, 2.58391e-07, 4.16725e-09, -1.09139e-15, -0.0161256, 0.99987, 2.58425e-07, -0.99987, -0.0161256, 1.59077e-09, -0.0235589, -0.00615565)
bind/7/name = &"neck.02"
bind/7/bone = -1
bind/7/pose = Transform3D(1, 1.91999e-07, 3.09651e-09, -1.45519e-15, -0.0161256, 0.99987, 1.92024e-07, -0.99987, -0.0161256, 1.18203e-09, -0.0338109, -0.00615565)
bind/8/name = &"ear.L"
bind/8/bone = -1
bind/8/pose = Transform3D(0.14522, 6.0279e-08, -0.9894, 0.989399, 2.43193e-10, 0.14522, 9.58336e-09, -1, -6.06611e-08, 0.0429846, -0.00927735, -0.00751345)
bind/9/name = &"ear.R"
bind/9/bone = -1
bind/9/pose = Transform3D(0.14522, -5.97968e-08, 0.9894, -0.989399, -3.04195e-09, 0.14522, -6.19595e-09, -1, -6.12746e-08, -0.0429846, -0.00927735, -0.00751345)
bind/10/name = &"leg.B.R"
bind/10/bone = -1
bind/10/pose = Transform3D(-1, -1.50996e-07, 1.28174e-09, -1.28174e-09, 1.64287e-18, -1, 1.50996e-07, -1, -1.93537e-16, -0.0036465, 0.0132794, 0.00717068)
bind/11/name = &"leg.F.R"
bind/11/bone = -1
bind/11/pose = Transform3D(-1, -1.50996e-07, 1.28174e-09, -1.28174e-09, 1.64287e-18, -1, 1.50996e-07, -1, -1.93537e-16, -0.0036465, 0.0132794, -0.00599328)
