[gd_resource type="Skin" format=3 uid="uid://bk4q8d3kpd83t"]

[resource]
resource_name = "Skin"
bind_count = 10
bind/0/name = &"root"
bind/0/bone = -1
bind/0/pose = Transform3D(1, 0, 0, 0, 1, -5.1277e-08, 0, 5.1277e-08, 1, 0, 0, 0)
bind/1/name = &"body"
bind/1/bone = -1
bind/1/pose = Transform3D(1, 0, 0, 0, 5.1277e-08, 1, 0, -1, 5.1277e-08, 2.38868e-19, -0.00924614, 0.00113733)
bind/2/name = &"ear.L"
bind/2/bone = -1
bind/2/pose = Transform3D(0.904128, -8.54492e-08, -0.427261, 0.337033, 0.614621, 0.713197, 0.262603, -0.788822, 0.555696, 0.00669651, -0.00910997, -0.0179174)
bind/3/name = &"ear.R"
bind/3/bone = -1
bind/3/pose = Transform3D(0.904128, 8.54492e-08, 0.427261, -0.337033, 0.614621, 0.713197, -0.262603, -0.788822, 0.555696, -0.00669651, -0.00910997, -0.0179174)
bind/4/name = &"tail.01"
bind/4/bone = -1
bind/4/pose = Transform3D(-1, -7.19913e-08, -1.32729e-07, 1.74623e-14, 0.879025, -0.476777, 1.50996e-07, -0.476777, -0.879025, 1.99745e-09, -0.00077986, 0.0132285)
bind/5/name = &"tail.02"
bind/5/bone = -1
bind/5/pose = Transform3D(-1, -7.37412e-08, -4.69571e-08, 3.49246e-14, 0.537127, -0.843502, 8.74228e-08, -0.843502, -0.537127, 1.26035e-09, 0.00128514, 0.0144168)
bind/6/name = &"leg.F.L"
bind/6/bone = -1
bind/6/pose = Transform3D(-1, -1.50996e-07, 3.08125e-15, 4.66136e-15, -5.1277e-08, -1, 1.50996e-07, -1, 5.1277e-08, 0.0026013, 0.00965388, -0.00355392)
bind/7/name = &"leg.B.L"
bind/7/bone = -1
bind/7/pose = Transform3D(-1, -1.50996e-07, -1.58012e-15, 9.32273e-15, -5.1277e-08, -1, 1.50996e-07, -1, 5.1277e-08, 0.0026013, 0.00965388, 0.00663907)
bind/8/name = &"leg.F.R"
bind/8/bone = -1
bind/8/pose = Transform3D(-1, -1.50996e-07, 3.08125e-15, 4.66136e-15, -5.1277e-08, -1, 1.50996e-07, -1, 5.1277e-08, -0.0026013, 0.00965388, -0.00355392)
bind/9/name = &"leg.B.R"
bind/9/bone = -1
bind/9/pose = Transform3D(-1, -1.50996e-07, -1.58012e-15, 9.32273e-15, -5.1277e-08, -1, 1.50996e-07, -1, 5.1277e-08, -0.0026013, 0.00965388, 0.00663907)
