[gd_resource type="Skin" format=3 uid="uid://xufec8el7ge8"]

[resource]
resource_name = "Skin"
bind_count = 10
bind/0/name = &"root"
bind/0/bone = -1
bind/0/pose = Transform3D(1, 2.22045e-16, 0, -2.22045e-16, 1, 0, 0, 0, 1, 0, 0, 0)
bind/1/name = &"body"
bind/1/bone = -1
bind/1/pose = Transform3D(1, 0, 0, 0, 0, 1, 0, -1, 0, 0, -0.0134654, 0.000370785)
bind/2/name = &"ear.L"
bind/2/bone = -1
bind/2/pose = Transform3D(0.069965, 8.88586e-08, -0.997549, 0.997545, 0.00282572, 0.0699646, 0.0028188, -0.999996, 0.000197613, 0.014502, -0.00302138, -0.0107633)
bind/3/name = &"ear.R"
bind/3/bone = -1
bind/3/pose = Transform3D(0.069965, -8.88586e-08, 0.997549, -0.997545, 0.00282572, 0.0699646, -0.0028188, -0.999996, 0.000197613, -0.014502, -0.00302138, -0.0107633)
bind/4/name = &"tail.01"
bind/4/bone = -1
bind/4/pose = Transform3D(-1, -1.15521e-07, -1.3057e-07, -1.12574e-08, 0.790175, -0.612882, 1.73974e-07, -0.612882, -0.790175, 3.5416e-09, 0.00311024, 0.0182118)
bind/5/name = &"tail.02"
bind/5/bone = -1
bind/5/pose = Transform3D(-1, 6.13034e-08, 1.10404e-07, -7.77107e-08, 0.390391, -0.92065, -9.95394e-08, -0.920649, -0.390391, -1.87861e-09, 0.00657062, 0.0171921)
bind/6/name = &"leg.F.L"
bind/6/bone = -1
bind/6/pose = Transform3D(-1, 8.74228e-08, 0, 0, 0, -1, -8.74228e-08, -1, 0, 0.00378087, 0.0105608, -0.00461887)
bind/7/name = &"leg.B.L"
bind/7/bone = -1
bind/7/pose = Transform3D(-1, 8.74228e-08, 0, 0, 0, -1, -8.74228e-08, -1, 0, 0.00378087, 0.0105608, 0.00715737)
bind/8/name = &"leg.F.R"
bind/8/bone = -1
bind/8/pose = Transform3D(-1, 8.74228e-08, 0, 0, 0, -1, -8.74228e-08, -1, 0, -0.00378087, 0.0105608, -0.00461887)
bind/9/name = &"leg.B.R"
bind/9/bone = -1
bind/9/pose = Transform3D(-1, 8.74228e-08, 0, 0, 0, -1, -8.74228e-08, -1, 0, -0.00378087, 0.0105608, 0.00715737)
