[gd_resource type="Skin" format=3 uid="uid://duchiyfmia60a"]

[resource]
resource_name = "Skin"
bind_count = 9
bind/0/name = &"root"
bind/0/bone = -1
bind/0/pose = Transform3D(1, 1.57038e-16, -2.18396e-23, -1.57038e-16, 1, -1.15224e-07, 3.74514e-24, 1.15224e-07, 1, 0, 0, 0)
bind/1/name = &"body"
bind/1/bone = -1
bind/1/pose = Transform3D(1, 1.4418e-08, -1.6613e-15, -1.71877e-15, 2.34433e-07, 1, 1.4418e-08, -1, 1.15224e-07, 9.19373e-06, -0.0115595, 2.37405e-05)
bind/2/name = &"ear.L"
bind/2/bone = -1
bind/2/pose = Transform3D(0.0148427, -1.58325e-07, -0.99989, 0.960816, 0.276819, 0.0142626, 0.276788, -0.960922, 0.00410874, 0.023831, -0.000362483, -0.00765576)
bind/3/name = &"ear.R"
bind/3/bone = -1
bind/3/pose = Transform3D(0.0148427, 1.8808e-07, 0.99989, -0.960816, 0.276819, 0.0142627, -0.276788, -0.960922, 0.00410879, -0.023831, -0.000362484, -0.00765576)
bind/4/name = &"tail.01"
bind/4/bone = -1
bind/4/pose = Transform3D(-1, 1.3595e-08, -2.82326e-08, 2.83709e-08, 0.77534, -0.631543, 1.3304e-08, -0.631544, -0.77534, -9.1934e-06, 0.00117893, 0.0154399)
bind/5/name = &"leg.F.L"
bind/5/bone = -1
bind/5/pose = Transform3D(-1, 1.36578e-07, -6.29384e-15, 8.17074e-16, -1.71894e-07, -1, -1.36578e-07, -1, 5.26845e-08, 0.00210662, 0.00954972, -0.00491374)
bind/6/name = &"leg.B.L"
bind/6/bone = -1
bind/6/pose = Transform3D(-1, 1.36578e-07, 3.14928e-15, -8.46171e-17, -1.09355e-07, -1, -1.36578e-07, -1, -9.85447e-09, 0.00376447, 0.00954973, 0.00710658)
bind/7/name = &"leg.F.R"
bind/7/bone = -1
bind/7/pose = Transform3D(-1, 1.36578e-07, -6.29384e-15, 8.17074e-16, -1.71894e-07, -1, -1.36578e-07, -1, 5.26845e-08, -0.00210662, 0.00954972, -0.00491374)
bind/8/name = &"leg.B.R"
bind/8/bone = -1
bind/8/pose = Transform3D(-1, 1.36578e-07, 3.14928e-15, -8.46171e-17, -1.09355e-07, -1, -1.36578e-07, -1, -9.85447e-09, -0.00376447, 0.00954973, 0.00710658)
