[gd_resource type="Skin" format=3 uid="uid://ccsl8jkp8t42o"]

[resource]
resource_name = "Skin"
bind_count = 10
bind/0/name = &"root"
bind/0/bone = -1
bind/0/pose = Transform3D(1, 0, 0, 0, 1, -4.41634e-08, 0, 4.41634e-08, 1, 0, 0, 0)
bind/1/name = &"body"
bind/1/bone = -1
bind/1/pose = Transform3D(1, 0, 0, 0, -1.94255e-07, 1, 0, -1, -1.70434e-07, 2.38868e-19, -0.0105897, 0.00113734)
bind/2/name = &"ear.L"
bind/2/bone = -1
bind/2/pose = Transform3D(0.338271, -1.2207e-08, -0.941049, 0.867824, 0.386742, 0.311949, 0.363943, -0.922188, 0.130824, 0.0160644, -0.00619553, -0.00933568)
bind/3/name = &"ear.R"
bind/3/bone = -1
bind/3/pose = Transform3D(0.338271, 1.2207e-08, 0.941049, -0.867824, 0.386742, 0.311949, -0.363943, -0.922188, 0.130824, -0.0160644, -0.00619553, -0.00933568)
bind/4/name = &"tail.01"
bind/4/bone = -1
bind/4/pose = Transform3D(-1, 3.11482e-05, 1.7877e-05, -1.49012e-12, 0.497776, -0.867306, -3.59138e-05, -0.867306, -0.497776, -5.5481e-07, 0.0080114, 0.0154484)
bind/5/name = &"tail.02"
bind/5/bone = -1
bind/5/pose = Transform3D(-1, 1.50696e-07, 9.48087e-09, -5.54792e-12, 0.0627895, -0.998027, -1.50995e-07, -0.998027, -0.0627896, -1.90383e-09, 0.0093606, 0.0126084)
bind/6/name = &"leg.F.L"
bind/6/bone = -1
bind/6/pose = Transform3D(-0.984103, 1.70899e-07, -0.1776, 0.16814, -0.322004, -0.931688, -0.0571888, -0.946739, 0.316885, 0.00468708, 0.00946342, -0.00734299)
bind/7/name = &"leg.B.L"
bind/7/bone = -1
bind/7/pose = Transform3D(-1, 8.74228e-08, 1.49974e-15, 1.34e-14, 1.94255e-07, -1, -8.74228e-08, -1, -1.70434e-07, 0.00345428, 0.00972162, 0.00505507)
bind/8/name = &"leg.F.R"
bind/8/bone = -1
bind/8/pose = Transform3D(-0.984103, -1.70899e-07, 0.1776, -0.16814, -0.322004, -0.931688, 0.0571888, -0.946739, 0.316885, -0.00468708, 0.00946342, -0.00734299)
bind/9/name = &"leg.B.R"
bind/9/bone = -1
bind/9/pose = Transform3D(-1, -8.74228e-08, -1.49974e-15, -1.34e-14, 1.94255e-07, -1, 8.74228e-08, -1, -1.70434e-07, -0.00345428, 0.00972162, 0.00505507)
