[gd_resource type="Skin" format=3 uid="uid://cdplcpvtub2ag"]

[resource]
resource_name = "Skin"
bind_count = 10
bind/0/name = &"root"
bind/0/bone = -1
bind/0/pose = Transform3D(1, 0, 0, 0, 1, -5.1277e-08, 0, 5.1277e-08, 1, 0, 0, 0)
bind/1/name = &"body"
bind/1/bone = -1
bind/1/pose = Transform3D(1, 0, 0, 0, 5.1277e-08, 1, 0, -1, 5.1277e-08, 2.38868e-19, -0.00924614, 0.00113733)
bind/2/name = &"ear.L"
bind/2/bone = -1
bind/2/pose = Transform3D(0.904128, -8.54492e-08, -0.427261, 0.337033, 0.614621, 0.713197, 0.262603, -0.788822, 0.555696, 0.00669651, -0.00910997, -0.0179174)
bind/3/name = &"ear.R"
bind/3/bone = -1
bind/3/pose = Transform3D(0.904128, 8.54492e-08, 0.427261, -0.337033, 0.614621, 0.713197, -0.262603, -0.788822, 0.555696, -0.00669651, -0.00910997, -0.0179174)
bind/4/name = &"tail.01"
bind/4/bone = -1
bind/4/pose = Transform3D(-1, -2.16518e-07, -3.23672e-07, 6.98492e-14, 0.831177, -0.556009, 3.89414e-07, -0.556009, -0.831177, 5.15738e-09, 0.000446586, 0.0132439)
bind/5/name = &"tail.02"
bind/5/bone = -1
bind/5/pose = Transform3D(-1, -4.39151e-07, -3.5431e-07, 2.32831e-14, 0.62792, -0.778278, 5.6426e-07, -0.778278, -0.62792, 7.8922e-09, -0.000364258, 0.0139868)
bind/6/name = &"leg.F.L"
bind/6/bone = -1
bind/6/pose = Transform3D(-1, -1.50996e-07, 3.08125e-15, 4.66136e-15, -5.1277e-08, -1, 1.50996e-07, -1, 5.1277e-08, 0.0026013, 0.00965388, -0.00355392)
bind/7/name = &"leg.B.L"
bind/7/bone = -1
bind/7/pose = Transform3D(-1, -1.50996e-07, -1.58012e-15, 9.32273e-15, -5.1277e-08, -1, 1.50996e-07, -1, 5.1277e-08, 0.0026013, 0.00965388, 0.00663907)
bind/8/name = &"leg.F.R"
bind/8/bone = -1
bind/8/pose = Transform3D(-1, -1.50996e-07, 3.08125e-15, 4.66136e-15, -5.1277e-08, -1, 1.50996e-07, -1, 5.1277e-08, -0.0026013, 0.00965388, -0.00355392)
bind/9/name = &"leg.B.R"
bind/9/bone = -1
bind/9/pose = Transform3D(-1, -1.50996e-07, -1.58012e-15, 9.32273e-15, -5.1277e-08, -1, 1.50996e-07, -1, 5.1277e-08, -0.0026013, 0.00965388, 0.00663907)
