[gd_resource type="Skin" format=3 uid="uid://cmnn0skviimkr"]

[resource]
resource_name = "Skin"
bind_count = 10
bind/0/name = &"root"
bind/0/bone = -1
bind/0/pose = Transform3D(1, 0, 0, 0, 1, -4.41634e-08, 0, 4.41634e-08, 1, 0, 0, 0)
bind/1/name = &"body"
bind/1/bone = -1
bind/1/pose = Transform3D(1, 1.19209e-07, 2.39946e-14, -1.50484e-14, -7.50459e-08, 1, 1.19209e-07, -1, -2.01281e-07, -1.35581e-10, -0.0114137, 0.00113734)
bind/2/name = &"ear.L"
bind/2/bone = -1
bind/2/pose = Transform3D(0.746047, -2.44141e-08, -0.665893, 0.648416, 0.2276, 0.726467, 0.151557, -0.973755, 0.1698, 0.00983029, -0.0127416, -0.013767)
bind/3/name = &"ear.R"
bind/3/bone = -1
bind/3/pose = Transform3D(0.746047, -1.2207e-08, 0.665893, -0.648416, 0.2276, 0.726467, -0.151557, -0.973755, 0.1698, -0.00983028, -0.0127416, -0.013767)
bind/4/name = &"tail.01"
bind/4/bone = -1
bind/4/pose = Transform3D(-1, 1.98685e-07, 1.83126e-07, 0, 0.67773, -0.735311, -2.70205e-07, -0.735311, -0.67773, -4.42634e-09, 0.00216318, 0.0163814)
bind/5/name = &"tail.02"
bind/5/bone = -1
bind/5/pose = Transform3D(-1, -6.88242e-07, -4.13057e-07, -4.65661e-14, 0.514599, -0.857431, 8.02679e-07, -0.857431, -0.514599, 1.34206e-08, 4.35254e-05, 0.0167197)
bind/6/name = &"leg.F.L"
bind/6/bone = -1
bind/6/pose = Transform3D(-1, 5.6426e-07, -1.23554e-14, 1.40979e-13, 7.50459e-08, -1, -5.6426e-07, -1, -2.01281e-07, 0.0026013, 0.00970488, -0.00473349)
bind/7/name = &"leg.B.L"
bind/7/bone = -1
bind/7/pose = Transform3D(-1, 5.6426e-07, -1.23554e-14, 1.40979e-13, 7.50459e-08, -1, -5.6426e-07, -1, -2.01281e-07, 0.0026013, 0.00970488, 0.00850673)
bind/8/name = &"leg.F.R"
bind/8/bone = -1
bind/8/pose = Transform3D(-1, -5.6426e-07, -3.15736e-14, -6.69529e-14, 7.50459e-08, -1, 5.6426e-07, -1, -2.01281e-07, -0.0026013, 0.00970488, -0.00473349)
bind/9/name = &"leg.B.R"
bind/9/bone = -1
bind/9/pose = Transform3D(-1, -5.6426e-07, -3.15736e-14, -6.69529e-14, 7.50459e-08, -1, 5.6426e-07, -1, -2.01281e-07, -0.0026013, 0.00970488, 0.00850673)
