[gd_resource type="Skin" format=3 uid="uid://cwoh6xgextele"]

[resource]
resource_name = "Skin"
bind_count = 10
bind/0/name = &"root"
bind/0/bone = -1
bind/0/pose = Transform3D(1, 0, 0, 0, 1, -4.41634e-08, 0, 4.41634e-08, 1, 0, 0, 0)
bind/1/name = &"body"
bind/1/bone = -1
bind/1/pose = Transform3D(1, 1.19209e-07, 2.43801e-14, -1.5434e-14, -7.50459e-08, 1, 1.19209e-07, -1, -2.04515e-07, -1.35581e-10, -0.0111864, 0.00113734)
bind/2/name = &"ear.L"
bind/2/bone = -1
bind/2/pose = Transform3D(0.881579, -1.83105e-08, -0.472036, 0.459647, 0.2276, 0.858442, 0.107435, -0.973755, 0.200647, 0.00610213, -0.0151431, -0.0143283)
bind/3/name = &"ear.R"
bind/3/bone = -1
bind/3/pose = Transform3D(0.881579, -1.83105e-08, 0.472035, -0.459647, 0.227599, 0.858442, -0.107435, -0.973755, 0.200647, -0.00610212, -0.0151431, -0.0143283)
bind/4/name = &"tail.01"
bind/4/bone = -1
bind/4/pose = Transform3D(-1, -1.60165e-07, -2.17619e-07, 9.31323e-14, 0.805385, -0.592752, 2.70205e-07, -0.592752, -0.805385, 4.20582e-09, -1.19424e-05, 0.0155653)
bind/5/name = &"tail.02"
bind/5/bone = -1
bind/5/pose = Transform3D(-1, -2.75685e-07, -1.73696e-07, 1.86265e-13, 0.533069, -0.846072, 3.25841e-07, -0.846072, -0.533069, 5.41286e-09, 0.000279826, 0.016612)
bind/6/name = &"leg.F.L"
bind/6/bone = -1
bind/6/pose = Transform3D(-1, -1.50996e-07, -2.50467e-14, 9.59972e-15, 7.50459e-08, -1, 1.50996e-07, -1, -2.04515e-07, 0.0026013, 0.00974225, -0.00473349)
bind/7/name = &"leg.B.L"
bind/7/bone = -1
bind/7/pose = Transform3D(-1, -1.50996e-07, -2.50467e-14, 9.59972e-15, 7.50459e-08, -1, 1.50996e-07, -1, -2.04515e-07, 0.0026013, 0.00974225, 0.00850672)
bind/8/name = &"leg.F.R"
bind/8/bone = -1
bind/8/pose = Transform3D(-1, -1.50996e-07, -2.50467e-14, 9.59972e-15, 7.50459e-08, -1, 1.50996e-07, -1, -2.04515e-07, -0.0026013, 0.00974225, -0.00473349)
bind/9/name = &"leg.B.R"
bind/9/bone = -1
bind/9/pose = Transform3D(-1, -1.50996e-07, -2.50467e-14, 9.59972e-15, 7.50459e-08, -1, 1.50996e-07, -1, -2.04515e-07, -0.0026013, 0.00974225, 0.00850672)
