[gd_resource type="Skin" format=3 uid="uid://6ybx35eryd84"]

[resource]
resource_name = "Skin"
bind_count = 10
bind/0/name = &"root"
bind/0/bone = -1
bind/0/pose = Transform3D(1, 0, 0, 0, 1, -4.41634e-08, 0, 4.41634e-08, 1, 0, 0, 0)
bind/1/name = &"body"
bind/1/bone = -1
bind/1/pose = Transform3D(1, 0, 0, 0, 4.41634e-08, 1, 0, -1, 4.41634e-08, 2.38868e-19, -0.00916299, 0.00113733)
bind/2/name = &"ear.L"
bind/2/bone = -1
bind/2/pose = Transform3D(0.937829, -9.15527e-09, -0.347099, 0.344701, 0.117342, 0.93135, 0.0407292, -0.993092, 0.110047, 0.00385224, -0.0155919, -0.0102385)
bind/3/name = &"ear.R"
bind/3/bone = -1
bind/3/pose = Transform3D(0.937829, 9.15527e-09, 0.347099, -0.344701, 0.117342, 0.93135, -0.0407292, -0.993092, 0.110047, -0.00385224, -0.0155919, -0.0102385)
bind/4/name = &"tail.01"
bind/4/bone = -1
bind/4/pose = Transform3D(-1, 1.02018e-07, 1.1132e-07, -6.98493e-14, 0.737236, -0.675636, -1.50996e-07, -0.675635, -0.737237, -2.12837e-09, 0.00133271, 0.0140956)
bind/5/name = &"tail.02"
bind/5/bone = -1
bind/5/pose = Transform3D(-1, 1.3323e-07, 7.1059e-08, -1.22236e-13, 0.470602, -0.882346, -1.50996e-07, -0.882346, -0.470602, -2.17611e-09, 0.00151569, 0.0144117)
bind/6/name = &"leg.F.L"
bind/6/bone = -1
bind/6/pose = Transform3D(-1, 8.74228e-08, -1.18088e-15, -2.68001e-15, -4.41634e-08, -1, -8.74228e-08, -1, 4.41634e-08, 0.0026013, 0.00972162, -0.00379325)
bind/7/name = &"leg.B.L"
bind/7/bone = -1
bind/7/pose = Transform3D(-1, 8.74228e-08, 1.49913e-15, -5.36002e-15, -4.41634e-08, -1, -8.74228e-08, -1, 4.41634e-08, 0.0026013, 0.00972162, 0.00765195)
bind/8/name = &"leg.F.R"
bind/8/bone = -1
bind/8/pose = Transform3D(-1, -8.74228e-08, 1.18088e-15, 2.68001e-15, -4.41634e-08, -1, 8.74228e-08, -1, 4.41634e-08, -0.0026013, 0.00972162, -0.00379325)
bind/9/name = &"leg.B.R"
bind/9/bone = -1
bind/9/pose = Transform3D(-1, -8.74228e-08, -1.49913e-15, 5.36002e-15, -4.41634e-08, -1, 8.74228e-08, -1, 4.41634e-08, -0.0026013, 0.00972162, 0.00765195)
