[gd_resource type="Skin" format=3 uid="uid://cs6a6xc1o1k1l"]

[resource]
resource_name = "Skin"
bind_count = 10
bind/0/name = &"root"
bind/0/bone = -1
bind/0/pose = Transform3D(1, 1.57038e-16, -2.18396e-23, -1.57038e-16, 1, -1.15223e-07, 3.74514e-24, 1.15223e-07, 1, 0, 0, 0)
bind/1/name = &"body"
bind/1/bone = -1
bind/1/pose = Transform3D(1, 8.77293e-08, 9.70753e-15, 1.10029e-15, -1.23195e-07, 1, 8.77293e-08, -1, -1.10653e-07, 1.16473e-05, -0.0118472, 3.00816e-05)
bind/2/name = &"ear.L"
bind/2/bone = -1
bind/2/pose = Transform3D(0.991716, -8.52978e-09, -0.128452, 0.128412, 0.0249187, 0.991408, 0.00320086, -0.99969, 0.0247123, 0.000623761, -0.026685, -0.0053449)
bind/3/name = &"ear.R"
bind/3/bone = -1
bind/3/pose = Transform3D(0.991716, 9.10198e-09, 0.128452, -0.128412, 0.0249187, 0.991408, -0.00320085, -0.99969, 0.0247123, -0.000623761, -0.026685, -0.00534489)
bind/4/name = &"tail.01"
bind/4/bone = -1
bind/4/pose = Transform3D(-1, 9.03028e-08, 1.50116e-07, 1.78057e-11, 0.856957, -0.515388, -1.75184e-07, -0.515388, -0.856957, -2.93771e-09, 0.0010827, 0.0167688)
bind/5/name = &"tail.02"
bind/5/bone = -1
bind/5/pose = Transform3D(-1, 1.1653e-07, 9.60228e-08, -2.32831e-14, 0.63593, -0.771746, -1.50996e-07, -0.771746, -0.63593, -2.56941e-09, 0.00217814, 0.017017)
bind/6/name = &"leg.F.L"
bind/6/bone = -1
bind/6/pose = Transform3D(-1, 8.74228e-08, -3.99503e-14, 4.85236e-14, 1.23195e-07, -1, -8.74228e-08, -1, -1.10653e-07, 0.00270448, 0.010543, -0.00613631)
bind/7/name = &"leg.B.L"
bind/7/bone = -1
bind/7/pose = Transform3D(-1, 8.74228e-08, -3.99503e-14, 4.85236e-14, 1.23195e-07, -1, -8.74228e-08, -1, -1.10653e-07, 0.00270448, 0.010543, 0.00551733)
bind/8/name = &"leg.F.R"
bind/8/bone = -1
bind/8/pose = Transform3D(-1, 8.74228e-08, -3.99503e-14, 4.85236e-14, 1.23195e-07, -1, -8.74228e-08, -1, -1.10653e-07, -0.00270448, 0.010543, -0.00613631)
bind/9/name = &"leg.B.R"
bind/9/bone = -1
bind/9/pose = Transform3D(-1, 8.74228e-08, -3.99503e-14, 4.85236e-14, 1.23195e-07, -1, -8.74228e-08, -1, -1.10653e-07, -0.00270448, 0.010543, 0.00551733)
