[gd_resource type="Skin" format=3 uid="uid://e8mwheim1p04"]

[resource]
resource_name = "Skin"
bind_count = 10
bind/0/name = &"root"
bind/0/bone = -1
bind/0/pose = Transform3D(1, 2.22045e-16, 0, -2.22045e-16, 1, 0, 0, 0, 1, 0, 0, 0)
bind/1/name = &"body"
bind/1/bone = -1
bind/1/pose = Transform3D(1, 0, 0, 0, 0, 1, 0, -1, 0, 0, -0.0127239, 0.000370785)
bind/2/name = &"ear.L"
bind/2/bone = -1
bind/2/pose = Transform3D(0.143862, 1.18637e-07, -0.989598, 0.98959, 0.00391764, 0.143861, 0.0038769, -0.999992, 0.000563484, 0.0196516, -0.00714082, -0.0100752)
bind/3/name = &"ear.R"
bind/3/bone = -1
bind/3/pose = Transform3D(0.143862, -1.18637e-07, 0.989598, -0.98959, 0.00391764, 0.143861, -0.0038769, -0.999992, 0.000563484, -0.0196516, -0.00714082, -0.0100752)
bind/4/name = &"tail.01"
bind/4/bone = -1
bind/4/pose = Transform3D(-1, -1.30112e-07, -1.23382e-07, -1.22442e-08, 0.736035, -0.676944, 1.78892e-07, -0.676944, -0.736034, 3.9407e-09, 0.00414497, 0.02003)
bind/5/name = &"tail.02"
bind/5/bone = -1
bind/5/pose = Transform3D(-1, -3.64487e-07, -1.0717e-07, -7.69925e-08, 0.470661, -0.882314, 3.72033e-07, -0.882314, -0.470661, 7.09232e-09, 0.00553193, 0.0192858)
bind/6/name = &"leg.F.L"
bind/6/bone = -1
bind/6/pose = Transform3D(-1, 8.74228e-08, 0, 0, 0, -1, -8.74228e-08, -1, 0, 0.00437816, 0.0088, -0.00555745)
bind/7/name = &"leg.B.L"
bind/7/bone = -1
bind/7/pose = Transform3D(-1, 8.74228e-08, 0, 0, 0, -1, -8.74228e-08, -1, 0, 0.00437816, 0.0088, 0.00805501)
bind/8/name = &"leg.F.R"
bind/8/bone = -1
bind/8/pose = Transform3D(-1, 8.74228e-08, 0, 0, 0, -1, -8.74228e-08, -1, 0, -0.00437816, 0.0088, -0.00555745)
bind/9/name = &"leg.B.R"
bind/9/bone = -1
bind/9/pose = Transform3D(-1, 8.74228e-08, 0, 0, 0, -1, -8.74228e-08, -1, 0, -0.00437816, 0.0088, 0.00805501)
