[gd_resource type="Skin" format=3 uid="uid://bjdxto784my0y"]

[resource]
resource_name = "Skin"
bind_count = 9
bind/0/name = &"root"
bind/0/bone = -1
bind/0/pose = Transform3D(1, 1.57038e-16, -2.18396e-23, -1.57038e-16, 1, -1.15223e-07, 3.74514e-24, 1.15223e-07, 1, 0, 0, 0)
bind/1/name = &"body"
bind/1/bone = -1
bind/1/pose = Transform3D(1, 9.11919e-09, 9.96042e-16, 1.27397e-16, -1.23195e-07, 1, 9.11919e-09, -1, -1.09225e-07, 8.75593e-06, -0.0108403, 2.26141e-05)
bind/2/name = &"ear.L"
bind/2/bone = -1
bind/2/pose = Transform3D(-0.352403, -5.48128e-08, -0.935848, 0.915743, 0.206166, -0.344833, 0.192941, -0.978517, -0.0726538, 0.0185763, 0.00597862, -0.00713622)
bind/3/name = &"ear.R"
bind/3/bone = -1
bind/3/pose = Transform3D(-0.352403, 4.87093e-08, 0.935848, -0.915743, 0.206166, -0.344833, -0.192941, -0.978517, -0.0726537, -0.0185763, 0.00597861, -0.00713622)
bind/4/name = &"tail.01"
bind/4/bone = -1
bind/4/pose = Transform3D(-1, 1.93671e-07, 1.08035e-07, 4.49055e-08, 0.653904, -0.756577, -2.17171e-07, -0.756577, -0.653904, -8.75889e-06, 0.00506515, 0.0149634)
bind/5/name = &"leg.F.L"
bind/5/bone = -1
bind/5/pose = Transform3D(-1, 1.41877e-07, -4.33412e-15, 1.07025e-15, -8.13689e-09, -1, -1.41877e-07, -1, 2.21071e-08, 0.0020063, 0.00907772, -0.00556688)
bind/6/name = &"leg.B.L"
bind/6/bone = -1
bind/6/pose = Transform3D(-1, 8.74228e-08, -3.1303e-15, 1.25516e-14, 1.23195e-07, -1, -8.74228e-08, -1, -1.09225e-07, 0.00358521, 0.00907771, 0.00550795)
bind/7/name = &"leg.F.R"
bind/7/bone = -1
bind/7/pose = Transform3D(-1, 1.41877e-07, -4.33412e-15, 1.07025e-15, -8.13689e-09, -1, -1.41877e-07, -1, 2.21071e-08, -0.0020063, 0.00907772, -0.00556688)
bind/8/name = &"leg.B.R"
bind/8/bone = -1
bind/8/pose = Transform3D(-1, 8.74228e-08, -3.1303e-15, 1.25516e-14, 1.23195e-07, -1, -8.74228e-08, -1, -1.09225e-07, -0.00358521, 0.00907771, 0.00550795)
