[gd_resource type="Skin" format=3 uid="uid://b58yrxlt87cf"]

[resource]
resource_name = "Skin"
bind_count = 8
bind/0/name = &"root"
bind/0/bone = -1
bind/0/pose = Transform3D(1, 0, 0, 0, 1, 0, 0, 0, 1, 0, 0, -4.28672e-05)
bind/1/name = &"body"
bind/1/bone = -1
bind/1/pose = Transform3D(1, 5.0477e-28, -7.96216e-10, 7.96216e-10, -6.3396e-19, 1, 5.0477e-28, -1, -4.01906e-37, 6.42195e-12, -0.0102361, 3.30049e-05)
bind/2/name = &"feet.L"
bind/2/bone = -1
bind/2/pose = Transform3D(-1, 5.6426e-07, 7.96216e-10, -7.96216e-10, 6.33911e-19, -1, -5.6426e-07, -1, 4.49273e-16, 0.00211746, 0.00853212, 0.000536284)
bind/3/name = &"tail.01"
bind/3/bone = -1
bind/3/pose = Transform3D(-1, -1.85574e-07, -3.00159e-06, 3.6156e-09, 0.998019, -0.0629073, 3.00732e-06, -0.0629075, -0.998019, 3.9427e-08, -0.00635088, 0.0131178)
bind/4/name = &"tail.02"
bind/4/bone = -1
bind/4/pose = Transform3D(-1, -6.43507e-09, -1.4196e-07, 7.44162e-09, 0.995232, -0.0975343, 1.41911e-07, -0.0975343, -0.995232, 1.61638e-09, -0.00683561, 0.0119473)
bind/5/name = &"wing.L"
bind/5/bone = -1
bind/5/pose = Transform3D(-0.999648, 0.0265326, 0.000199984, 0.0265326, 0.999534, 0.0150798, 0.00020021, 0.0150797, -0.999886, 0.00513974, 0.00164022, 0.00978933)
bind/6/name = &"wing.R"
bind/6/bone = -1
bind/6/pose = Transform3D(-0.999648, -0.0265326, -0.000199982, -0.0265326, 0.999534, 0.0150798, -0.000200212, 0.0150797, -0.999886, -0.00513974, 0.00164022, 0.00978933)
bind/7/name = &"feet.R"
bind/7/bone = -1
bind/7/pose = Transform3D(-1, -5.6426e-07, 7.96216e-10, -7.96216e-10, 6.33998e-19, -1, 5.6426e-07, -1, -4.49273e-16, -0.00211746, 0.00853212, 0.000536284)
