[gd_resource type="Skin" format=3 uid="uid://bv3osbnue8ryn"]

[resource]
resource_name = "Skin"
bind_count = 10
bind/0/name = &"root"
bind/0/bone = -1
bind/0/pose = Transform3D(1, 1.57038e-16, -2.18396e-23, -1.57038e-16, 1, -1.15223e-07, 3.74514e-24, 1.15223e-07, 1, 0, 0, 0)
bind/1/name = &"body"
bind/1/bone = -1
bind/1/pose = Transform3D(1, 2.49312e-29, -7.38827e-23, 7.38827e-23, -3.61614e-07, 1, -3.31767e-29, -1, -3.31404e-07, 1.16473e-05, -0.0130173, 3.00859e-05)
bind/2/name = &"ear.L"
bind/2/bone = -1
bind/2/pose = Transform3D(0.902274, -8.8556e-08, -0.431163, 0.416438, -0.259112, 0.871459, -0.11172, -0.965847, -0.23379, 0.00951788, -0.026699, -0.00258989)
bind/3/name = &"ear.R"
bind/3/bone = -1
bind/3/pose = Transform3D(0.902274, 8.8556e-08, 0.431163, -0.416438, -0.259112, 0.871459, 0.11172, -0.965847, -0.23379, -0.00951788, -0.026699, -0.00258989)
bind/4/name = &"tail.01"
bind/4/bone = -1
bind/4/pose = Transform3D(-0.999569, 0.0205459, 0.0209853, 7.62939e-09, 0.714549, -0.699585, -0.0293686, -0.699283, -0.714241, -0.000503846, 0.00532152, 0.0171485)
bind/5/name = &"tail.02"
bind/5/bone = -1
bind/5/pose = Transform3D(-1, -6.53963e-08, -3.16419e-08, 2.09183e-08, 0.423969, -0.905676, 9.07565e-08, -0.905676, -0.423969, 1.2193e-09, 0.00428486, 0.0167145)
bind/6/name = &"leg.F.L"
bind/6/bone = -1
bind/6/pose = Transform3D(-0.999985, 0.00557435, -9.95412e-10, 2.84277e-09, 3.61606e-07, -1, -0.00557435, -0.999985, -3.31407e-07, 0.0027375, 0.010543, -0.00591508)
bind/7/name = &"leg.B.L"
bind/7/bone = -1
bind/7/pose = Transform3D(-0.999999, -0.00126425, 2.25756e-10, -6.44733e-10, 3.61613e-07, -1, 0.00126425, -0.999999, -3.31404e-07, 0.00271225, 0.010543, 0.0061425)
bind/8/name = &"leg.F.R"
bind/8/bone = -1
bind/8/pose = Transform3D(-0.999985, -0.00557435, 9.95412e-10, -2.84277e-09, 3.61606e-07, -1, 0.00557435, -0.999985, -3.31407e-07, -0.0027375, 0.010543, -0.00591508)
bind/9/name = &"leg.B.R"
bind/9/bone = -1
bind/9/pose = Transform3D(-0.999999, 0.00126425, -2.25756e-10, 6.44733e-10, 3.61613e-07, -1, -0.00126425, -0.999999, -3.31404e-07, -0.00271225, 0.010543, 0.0061425)
