[gd_resource type="Skin" format=3 uid="uid://bvwrjflnvs8ue"]

[resource]
resource_name = "Skin"
bind_count = 9
bind/0/name = &"root"
bind/0/bone = -1
bind/0/pose = Transform3D(1, 1.57038e-16, -2.18396e-23, -1.57038e-16, 1, -1.15223e-07, 3.74514e-24, 1.15223e-07, 1, 0, 0, 0)
bind/1/name = &"body"
bind/1/bone = -1
bind/1/pose = Transform3D(1, -2.64698e-23, -3.95483e-23, 3.95483e-23, -1.23195e-07, 1, -2.64698e-23, -1, -1.12767e-07, 8.75593e-06, -0.0109228, 2.26141e-05)
bind/2/name = &"ear.L"
bind/2/bone = -1
bind/2/pose = Transform3D(-0.445544, 0.0239166, -0.894941, 0.871067, 0.242403, -0.42718, 0.20672, -0.969881, -0.128834, 0.0190686, 0.00872589, -0.00501703)
bind/3/name = &"ear.R"
bind/3/bone = -1
bind/3/pose = Transform3D(-0.445544, -0.0239166, 0.894941, -0.871067, 0.242403, -0.42718, -0.20672, -0.969881, -0.128834, -0.0190686, 0.00872589, -0.00501703)
bind/4/name = &"tail.01"
bind/4/bone = -1
bind/4/pose = Transform3D(-1, 5.65226e-09, -3.00639e-08, 2.65653e-08, 0.647763, -0.761843, 1.51682e-08, -0.761843, -0.647763, -8.7555e-06, 0.00518604, 0.0149219)
bind/5/name = &"leg.F.L"
bind/5/bone = -1
bind/5/pose = Transform3D(-0.999985, 0.00557435, -1.0349e-10, 7.3209e-10, 1.23193e-07, -1, -0.00557435, -0.999985, -1.12767e-07, 0.00202894, 0.00907771, -0.00405564)
bind/6/name = &"leg.B.L"
bind/6/bone = -1
bind/6/pose = Transform3D(-0.999999, -0.00126537, 2.34922e-11, -1.66184e-10, 1.23195e-07, -1, 0.00126537, -0.999999, -1.12767e-07, 0.00359218, 0.00907771, 0.00550341)
bind/7/name = &"leg.F.R"
bind/7/bone = -1
bind/7/pose = Transform3D(-0.999985, -0.00557435, 1.0349e-10, -7.3209e-10, 1.23193e-07, -1, 0.00557435, -0.999985, -1.12767e-07, -0.00202894, 0.00907771, -0.00405564)
bind/8/name = &"leg.B.R"
bind/8/bone = -1
bind/8/pose = Transform3D(-0.999999, 0.00126537, -2.34922e-11, 1.66184e-10, 1.23195e-07, -1, -0.00126537, -0.999999, -1.12767e-07, -0.00359218, 0.00907771, 0.00550341)
