[gd_resource type="Skin" format=3 uid="uid://bn3736asu01vk"]

[resource]
resource_name = "Skin"
bind_count = 10
bind/0/name = &"root"
bind/0/bone = -1
bind/0/pose = Transform3D(1, 1.57038e-16, 3.74514e-24, -1.57038e-16, 1, 4.76972e-08, 3.74514e-24, -4.76972e-08, 1, 0, 0, 0)
bind/1/name = &"body"
bind/1/bone = -1
bind/1/pose = Transform3D(1, 6.76484e-08, 1.92954e-14, 5.98688e-17, -2.86116e-07, 1, 6.76484e-08, -1, -2.85231e-07, 1.16473e-05, -0.0118401, 3.00817e-05)
bind/2/name = &"ear.L"
bind/2/bone = -1
bind/2/pose = Transform3D(0.993109, -3.05176e-09, -0.117191, 0.101232, -0.503801, 0.857867, -0.0590408, -0.86382, -0.50033, 0.000810531, -0.0261055, 0.00872823)
bind/3/name = &"ear.R"
bind/3/bone = -1
bind/3/pose = Transform3D(0.993109, 1.83105e-08, 0.117191, -0.101232, -0.503801, 0.857867, 0.0590408, -0.86382, -0.50033, -0.000810531, -0.0261055, 0.00872823)
bind/4/name = &"tail.01"
bind/4/bone = -1
bind/4/pose = Transform3D(-1, -1.0349e-08, -1.70348e-08, -8.90708e-11, 0.856957, -0.515388, 1.99318e-08, -0.515388, -0.856957, 3.43725e-10, 0.000225747, 0.0172842)
bind/5/name = &"tail.02"
bind/5/bone = -1
bind/5/pose = Transform3D(-1, 1.1653e-07, 9.60228e-08, 1.16415e-14, 0.635931, -0.771746, -1.50996e-07, -0.771746, -0.63593, -2.68645e-09, 0.00154221, 0.0177888)
bind/6/name = &"leg.F.L"
bind/6/bone = -1
bind/6/pose = Transform3D(-1, 8.74228e-08, -1.8999e-14, 4.38748e-14, 2.86116e-07, -1, -8.74228e-08, -1, -2.85231e-07, 0.00348141, 0.010543, -0.00413631)
bind/7/name = &"leg.B.L"
bind/7/bone = -1
bind/7/pose = Transform3D(-1, 8.74228e-08, -1.89989e-14, 4.38747e-14, 2.86116e-07, -1, -8.74228e-08, -1, -2.85231e-07, 0.0034814, 0.010543, 0.00651733)
bind/8/name = &"leg.F.R"
bind/8/bone = -1
bind/8/pose = Transform3D(-1, 8.74228e-08, -1.8999e-14, 4.38748e-14, 2.86116e-07, -1, -8.74228e-08, -1, -2.85231e-07, -0.0034814, 0.010543, -0.00413631)
bind/9/name = &"leg.B.R"
bind/9/bone = -1
bind/9/pose = Transform3D(-1, 8.74228e-08, -1.89989e-14, 4.38747e-14, 2.86116e-07, -1, -8.74228e-08, -1, -2.85231e-07, -0.00348141, 0.010543, 0.00651733)
