[gd_resource type="Skin" format=3 uid="uid://durslqume5r2q"]

[resource]
resource_name = "Skin"
bind_count = 10
bind/0/name = &"root"
bind/0/bone = -1
bind/0/pose = Transform3D(1, 0, 0, 0, 1, 0, 0, 0, 1, 0, 0, 0)
bind/1/name = &"body"
bind/1/bone = -1
bind/1/pose = Transform3D(1, 0, 0, 0, 0, 1, 0, -1, 0, 0, -0.00797358, 0.00134438)
bind/2/name = &"tail.01"
bind/2/bone = -1
bind/2/pose = Transform3D(1, 0, 0, 0, 0.773122, 0.634257, 0, -0.634257, 0.773122, -1.01151e-09, -0.00995661, -0.0022717)
bind/3/name = &"tail.02"
bind/3/bone = -1
bind/3/pose = Transform3D(1, 1.41006e-07, -5.73901e-07, 2.5559e-08, 0.959889, 0.280379, 5.90417e-07, -0.280379, 0.959889, 2.18084e-09, -0.00861332, -0.00509259)
bind/4/name = &"hair.01"
bind/4/bone = -1
bind/4/pose = Transform3D(1, 9.73204e-08, -6.74675e-08, 1.53102e-09, 0.559061, 0.829126, 1.18409e-07, -0.829126, 0.559061, 5.71369e-10, -0.0157454, -0.0106875)
bind/5/name = &"hair.02"
bind/5/bone = -1
bind/5/pose = Transform3D(1, 1.30407e-07, -8.47719e-07, 1.39698e-13, 0.988374, 0.152045, 8.57691e-07, -0.152045, 0.988374, 1.47962e-08, -0.00294371, -0.018701)
bind/6/name = &"wing.L"
bind/6/bone = -1
bind/6/pose = Transform3D(-0.969192, 0.0103948, 0.246086, -0.0135087, 0.995362, -0.0952476, -0.245935, -0.0956375, -0.964557, 0.00338963, 0.0015243, 0.00798045)
bind/7/name = &"wing.R"
bind/7/bone = -1
bind/7/pose = Transform3D(-0.969192, -0.0103948, -0.246086, 0.0135087, 0.995362, -0.0952476, 0.245935, -0.0956375, -0.964557, -0.00338963, 0.0015243, 0.00798045)
bind/8/name = &"feet.L"
bind/8/bone = -1
bind/8/pose = Transform3D(-1, 8.74228e-08, 0, 0, 0, -1, -8.74228e-08, -1, 0, 0.0020285, 0.00484083, 0.0010052)
bind/9/name = &"feet.R"
bind/9/bone = -1
bind/9/pose = Transform3D(-1, 8.74228e-08, 0, 0, 0, -1, -8.74228e-08, -1, 0, -0.0020285, 0.00484083, 0.0010052)
