[gd_resource type="Skin" format=3 uid="uid://bqij30x3ygbv0"]

[resource]
resource_name = "Skin"
bind_count = 10
bind/0/name = &"root"
bind/0/bone = -1
bind/0/pose = Transform3D(1, 0, 0, 0, 1, -4.41634e-08, 0, 4.41634e-08, 1, 0, 0, 0)
bind/1/name = &"body"
bind/1/bone = -1
bind/1/pose = Transform3D(1, 0, 0, 0, -1.94255e-07, 1, 0, -1, -1.91684e-07, 2.38868e-19, -0.00999591, 0.00113734)
bind/2/name = &"ear.L"
bind/2/bone = -1
bind/2/pose = Transform3D(0.746047, 0, -0.665893, 0.648416, 0.2276, 0.726467, 0.151557, -0.973755, 0.1698, 0.00983028, -0.0127416, -0.013767)
bind/3/name = &"ear.R"
bind/3/bone = -1
bind/3/pose = Transform3D(0.746047, 0, 0.665893, -0.648416, 0.2276, 0.726467, -0.151557, -0.973755, 0.1698, -0.00983028, -0.0127416, -0.013767)
bind/4/name = &"tail.01"
bind/4/bone = -1
bind/4/pose = Transform3D(-1, 1.08743e-07, 1.0476e-07, -4.07454e-14, 0.693793, -0.720175, -1.50996e-07, -0.720175, -0.693793, -2.48013e-09, 0.00180114, 0.0164252)
bind/5/name = &"tail.02"
bind/5/bone = -1
bind/5/pose = Transform3D(-1, -7.60783e-08, -4.30679e-08, -6.11181e-14, 0.492639, -0.870234, 8.74227e-08, -0.870234, -0.492639, 1.45348e-09, 0.00129692, 0.0166258)
bind/6/name = &"leg.F.L"
bind/6/bone = -1
bind/6/pose = Transform3D(-1, 8.74228e-08, 7.07311e-16, 1.60502e-14, 1.94255e-07, -1, -8.74228e-08, -1, -1.91684e-07, 0.0026013, 0.00973967, -0.00473349)
bind/7/name = &"leg.B.L"
bind/7/bone = -1
bind/7/pose = Transform3D(-1, 8.74228e-08, 7.07311e-16, 1.60502e-14, 1.94255e-07, -1, -8.74228e-08, -1, -1.91684e-07, 0.0026013, 0.00973967, 0.00850672)
bind/8/name = &"leg.F.R"
bind/8/bone = -1
bind/8/pose = Transform3D(-1, -8.74228e-08, -7.07311e-16, -1.60502e-14, 1.94255e-07, -1, 8.74228e-08, -1, -1.91684e-07, -0.0026013, 0.00973967, -0.00473349)
bind/9/name = &"leg.B.R"
bind/9/bone = -1
bind/9/pose = Transform3D(-1, -8.74228e-08, -7.07311e-16, -1.60502e-14, 1.94255e-07, -1, 8.74228e-08, -1, -1.91684e-07, -0.0026013, 0.00973967, 0.00850672)
