[gd_resource type="Skin" format=3 uid="uid://c68k7dnuctnu1"]

[resource]
resource_name = "Skin"
bind_count = 9
bind/0/name = &"root"
bind/0/bone = -1
bind/0/pose = Transform3D(1, 2.48383e-16, 0, -2.48383e-16, 1, 0, 0, 0, 1, 0, 0, 0)
bind/1/name = &"body"
bind/1/bone = -1
bind/1/pose = Transform3D(1, 0, 0, 0, 0, 1, 0, -1, 0, 1.00896e-18, -0.00717069, 0.00117305)
bind/2/name = &"ear.L"
bind/2/bone = -1
bind/2/pose = Transform3D(1, 5.22959e-16, -1.55475e-08, 1.55452e-08, 0.0174394, 0.999848, 2.71139e-10, -0.999848, 0.0174394, -0.00168562, -0.00768044, -0.0059821)
bind/3/name = &"ear.R"
bind/3/bone = -1
bind/3/pose = Transform3D(1, -5.22959e-16, 1.55475e-08, -1.55452e-08, 0.0174394, 0.999848, -2.71139e-10, -0.999848, 0.0174394, 0.00168562, -0.00768044, -0.0059821)
bind/4/name = &"tail.01"
bind/4/bone = -1
bind/4/pose = Transform3D(-1, 7.25557e-08, 3.82595e-07, 4.07454e-14, 0.982489, -0.18632, -3.89414e-07, -0.18632, -0.982489, -2.75915e-09, -0.00482433, 0.00708539)
bind/5/name = &"leg.F.L"
bind/5/bone = -1
bind/5/pose = Transform3D(-1, -1.42491e-07, 4.99616e-08, 2.61934e-14, -0.330881, -0.943672, 1.50996e-07, -0.943672, 0.330881, -0.00257142, 0.00396623, -0.00375006)
bind/6/name = &"leg.B.L"
bind/6/bone = -1
bind/6/pose = Transform3D(-1, 8.74228e-08, 0, 0, 0, -1, -8.74228e-08, -1, 0, 0.00456728, 0.00407269, 0.00365261)
bind/7/name = &"leg.F.R"
bind/7/bone = -1
bind/7/pose = Transform3D(-1, -1.42491e-07, 4.99616e-08, 2.61934e-14, -0.330881, -0.943672, 1.50996e-07, -0.943672, 0.330881, 0.00257142, 0.00396623, -0.00375006)
bind/8/name = &"leg.B.R"
bind/8/bone = -1
bind/8/pose = Transform3D(-1, 8.74228e-08, 0, 0, 0, -1, -8.74228e-08, -1, 0, -0.00456729, 0.00407269, 0.00365261)
