[gd_resource type="Skin" format=3 uid="uid://da182fr0preds"]

[resource]
resource_name = "Skin"
bind_count = 10
bind/0/name = &"root"
bind/0/bone = -1
bind/0/pose = Transform3D(1, 0, 0, 0, 1, -4.41634e-08, 0, 4.41634e-08, 1, 0, 0, 0)
bind/1/name = &"body"
bind/1/bone = -1
bind/1/pose = Transform3D(1, 4.78942e-08, -2.11517e-15, -6.93889e-22, 4.41634e-08, 1, 4.78942e-08, -1, 4.41634e-08, -5.44716e-11, -0.0103619, 0.00113733)
bind/2/name = &"ear.L"
bind/2/bone = -1
bind/2/pose = Transform3D(0.960696, 4.82787e-08, -0.277601, 0.273553, -0.170143, 0.946689, -0.0472318, -0.985419, -0.163456, 0.00327456, -0.0227495, -0.0019032)
bind/3/name = &"ear.R"
bind/3/bone = -1
bind/3/pose = Transform3D(0.960696, -4.52269e-08, 0.277601, -0.273553, -0.170143, 0.946689, 0.0472318, -0.985419, -0.163456, -0.00327456, -0.0227495, -0.0019032)
bind/4/name = &"tail.01"
bind/4/bone = -1
bind/4/pose = Transform3D(1, -8.50247e-08, 8.35564e-08, -5.82077e-15, 0.700921, 0.713239, -1.19209e-07, -0.713239, 0.700921, -1.02405e-10, -0.0156994, -0.000859036)
bind/5/name = &"tail.02"
bind/5/bone = -1
bind/5/pose = Transform3D(1, -5.83897e-08, -6.07953e-08, 8.73115e-15, -0.721232, 0.692693, -8.42937e-08, -0.692693, -0.721232, 1.7344e-09, -0.000623038, 0.0205757)
bind/6/name = &"leg.F.L"
bind/6/bone = -1
bind/6/pose = Transform3D(-1, 8.74228e-08, 5.22011e-15, -9.081e-15, -4.41634e-08, -1, -8.74228e-08, -1, 4.41634e-08, 0.0026013, 0.00888175, -0.00402575)
bind/7/name = &"leg.B.L"
bind/7/bone = -1
bind/7/pose = Transform3D(-1, 8.74228e-08, 5.22011e-15, -9.081e-15, -4.41634e-08, -1, -8.74228e-08, -1, 4.41634e-08, 0.0026013, 0.00888175, 0.00787762)
bind/8/name = &"leg.F.R"
bind/8/bone = -1
bind/8/pose = Transform3D(-1, 8.74228e-08, 5.22011e-15, -9.081e-15, -4.41634e-08, -1, -8.74228e-08, -1, 4.41634e-08, -0.0026013, 0.00888175, -0.00402575)
bind/9/name = &"leg.B.R"
bind/9/bone = -1
bind/9/pose = Transform3D(-1, 8.74228e-08, 5.22011e-15, -9.081e-15, -4.41634e-08, -1, -8.74228e-08, -1, 4.41634e-08, -0.0026013, 0.00888175, 0.00787762)
