[gd_resource type="Skin" format=3 uid="uid://cauobhsnr1h5i"]

[resource]
resource_name = "Skin"
bind_count = 10
bind/0/name = &"root"
bind/0/bone = -1
bind/0/pose = Transform3D(1, 0, 0, 0, 1, -4.41634e-08, 0, 4.41634e-08, 1, 0, 0, 0)
bind/1/name = &"body"
bind/1/bone = -1
bind/1/pose = Transform3D(1, 1.19209e-07, 2.83937e-14, -5.2367e-15, -1.94255e-07, 1, 1.19209e-07, -1, -2.38184e-07, -1.28802e-10, -0.00978898, 0.00108047)
bind/2/name = &"ear.L"
bind/2/bone = -1
bind/2/pose = Transform3D(0.693435, 6.10352e-08, -0.720519, 0.683312, 0.317194, 0.657627, 0.228544, -0.948361, 0.219953, 0.0108681, -0.0107312, -0.0120736)
bind/3/name = &"ear.R"
bind/3/bone = -1
bind/3/pose = Transform3D(0.693435, -1.2207e-08, 0.720519, -0.683312, 0.317193, 0.657627, -0.228544, -0.948361, 0.219953, -0.0108681, -0.0107312, -0.0120736)
bind/4/name = &"tail.01"
bind/4/bone = -1
bind/4/pose = Transform3D(-1, 9.196e-08, 2.54075e-07, -1.74623e-14, 0.940305, -0.340334, -2.70205e-07, -0.340334, -0.940305, -3.66397e-09, -0.00133201, 0.01356)
bind/5/name = &"tail.02"
bind/5/bone = -1
bind/5/pose = Transform3D(-1, 7.2829e-08, 1.32271e-07, -4.07454e-14, 0.875993, -0.482325, -1.50996e-07, -0.482325, -0.875993, -2.15709e-09, -0.0035535, 0.0142857)
bind/6/name = &"leg.F.L"
bind/6/bone = -1
bind/6/pose = Transform3D(-1, 8.74228e-08, -3.75642e-14, 6.36236e-14, 1.94255e-07, -1, -8.74228e-08, -1, -2.38184e-07, 0.00246532, 0.00845206, -0.00480159)
bind/7/name = &"leg.B.L"
bind/7/bone = -1
bind/7/pose = Transform3D(-1, 8.74228e-08, -3.75642e-14, 6.36236e-14, 1.94255e-07, -1, -8.74228e-08, -1, -2.38184e-07, 0.00246532, 0.00845206, 0.00668612)
bind/8/name = &"leg.F.R"
bind/8/bone = -1
bind/8/pose = Transform3D(-1, 8.74228e-08, -3.75642e-14, 6.36236e-14, 1.94255e-07, -1, -8.74228e-08, -1, -2.38184e-07, -0.00246532, 0.00845206, -0.00480159)
bind/9/name = &"leg.B.R"
bind/9/bone = -1
bind/9/pose = Transform3D(-1, 8.74228e-08, -3.75642e-14, 6.36236e-14, 1.94255e-07, -1, -8.74228e-08, -1, -2.38184e-07, -0.00246532, 0.00845206, 0.00668611)
