[gd_resource type="Skin" format=3 uid="uid://24v3afx35qmt"]

[resource]
resource_name = "Skin"
bind_count = 9
bind/0/name = &"root"
bind/0/bone = -1
bind/0/pose = Transform3D(-1, -8.39087e-08, -4.56889e-05, 0, 0.999999, -0.00183652, 4.56889e-05, -0.00183652, -0.999998, 1.11166e-09, 4.46844e-08, 2.43309e-05)
bind/1/name = &"body"
bind/1/bone = -1
bind/1/pose = Transform3D(1, -1.50706e-11, -1.98435e-11, 9.89534e-12, -3.38667e-07, 1, -1.4402e-11, -1, -3.56862e-07, 1.08433e-05, -0.0141009, 2.8004e-05)
bind/2/name = &"ear.L"
bind/2/bone = -1
bind/2/pose = Transform3D(0.299993, 1.62676e-07, -0.953941, 0.951532, -0.0710345, 0.299235, -0.0677627, -0.997474, -0.02131, 0.01609, -0.0084077, -0.00897845)
bind/3/name = &"ear.R"
bind/3/bone = -1
bind/3/pose = Transform3D(0.299993, -1.62676e-07, 0.953941, -0.951532, -0.0710345, 0.299235, 0.0677627, -0.997474, -0.02131, -0.01609, -0.0084077, -0.00897845)
bind/4/name = &"tail.01"
bind/4/bone = -1
bind/4/pose = Transform3D(-1, -1.05309e-07, -1.08175e-07, 2.75164e-12, 0.716558, -0.697528, 1.50978e-07, -0.697528, -0.716558, 2.7834e-09, 0.00504071, 0.0184357)
bind/5/name = &"leg.F.L"
bind/5/bone = -1
bind/5/pose = Transform3D(-1, 8.74228e-08, 2.18342e-11, -1.08891e-11, 3.38769e-07, -1, -8.74221e-08, -1, -3.56813e-07, 0.0025175, 0.0105188, -0.00560457)
bind/6/name = &"leg.B.L"
bind/6/bone = -1
bind/6/pose = Transform3D(-1, -1.47565e-07, -3.19128e-08, -7.63915e-12, 0.211494, -0.977379, 1.50979e-07, -0.977379, -0.211493, 0.00488133, 0.00922846, 0.00839086)
bind/7/name = &"leg.F.R"
bind/7/bone = -1
bind/7/pose = Transform3D(-1, 8.74228e-08, 2.18342e-11, -1.08891e-11, 3.38769e-07, -1, -8.74221e-08, -1, -3.56813e-07, -0.00251749, 0.0105188, -0.00560457)
bind/8/name = &"leg.B.R"
bind/8/bone = -1
bind/8/pose = Transform3D(-1, 1.47595e-07, 3.19564e-08, -7.60066e-12, 0.211494, -0.977379, -1.51012e-07, -0.977379, -0.211493, -0.00488133, 0.00922846, 0.00839086)
