[gd_resource type="Skin" format=3 uid="uid://dvgd5fxg3iqlg"]

[resource]
resource_name = "Skin"
bind_count = 6
bind/0/name = &"root"
bind/0/bone = -1
bind/0/pose = Transform3D(1, 0, 0, 0, 1, 0, 0, 0, 1, 0, 0, 0)
bind/1/name = &"body"
bind/1/bone = -1
bind/1/pose = Transform3D(1, 0, 0, 0, 0, 1, 0, -1, 0, 2.38918e-20, -0.00937984, -4.70352e-05)
bind/2/name = &"tail.01"
bind/2/bone = -1
bind/2/pose = Transform3D(1, -2.28323e-09, -1.4657e-05, -2.29884e-07, 0.999875, -0.0158401, 1.46552e-05, 0.0158399, 0.999875, 1.0637e-07, -0.00875223, -0.00746448)
bind/3/name = &"tail.02"
bind/3/bone = -1
bind/3/pose = Transform3D(1, 1.88593e-12, 4.54233e-06, 1.53359e-07, 0.99943, -0.0337631, -4.53974e-06, 0.033763, 0.99943, -3.29556e-08, -0.0130164, -0.00769907)
bind/4/name = &"fin.L"
bind/4/bone = -1
bind/4/pose = Transform3D(-0.470446, 1.46484e-07, -0.882429, 0.751064, 0.52495, -0.400412, 0.463231, -0.851133, -0.246961, 0.00620519, 0.00198924, -0.00279212)
bind/5/name = &"fin.R"
bind/5/bone = -1
bind/5/pose = Transform3D(-0.470446, -1.46484e-07, 0.882429, -0.751064, 0.52495, -0.400412, -0.463231, -0.851133, -0.246961, -0.00620519, 0.00198924, -0.00279212)
