[gd_resource type="Skin" format=3 uid="uid://cokh2ilq4sdh0"]

[resource]
resource_name = "Skin"
bind_count = 8
bind/0/name = &"root"
bind/0/bone = -1
bind/0/pose = Transform3D(1, 0, 0, 0, 1, 0, 0, 0, 1, 0, 0, 0)
bind/1/name = &"body"
bind/1/bone = -1
bind/1/pose = Transform3D(1, 2.38419e-07, 0, 0, 0, 1, 2.38419e-07, -1, 0, 5.05703e-11, -0.00628704, -0.000212107)
bind/2/name = &"wing.L"
bind/2/bone = -1
bind/2/pose = Transform3D(-0.988752, 0.00533638, -0.149466, 0.0688465, 0.903426, -0.42318, 0.132773, -0.428711, -0.893632, 0.00443864, 0.00287447, 0.00507751)
bind/3/name = &"wing.R"
bind/3/bone = -1
bind/3/pose = Transform3D(-0.988752, -0.00533628, 0.149466, -0.0688465, 0.903426, -0.423181, -0.132773, -0.428711, -0.893632, -0.00443864, 0.00287447, 0.00507751)
bind/4/name = &"tail.01"
bind/4/bone = -1
bind/4/pose = Transform3D(1, -3.23736e-14, -7.63598e-14, -2.2752e-15, 0.973939, -0.226809, 7.24257e-14, 0.226809, 0.973939, 5.52331e-16, -0.00313142, -0.00620004)
bind/5/name = &"tail.02"
bind/5/bone = -1
bind/5/pose = Transform3D(1, 3.86073e-14, 6.132e-14, -3.09239e-14, 0.9343, -0.356489, -1.1827e-13, 0.356489, 0.9343, -4.50415e-16, -0.00228143, -0.00589978)
bind/6/name = &"feet.L"
bind/6/bone = -1
bind/6/pose = Transform3D(-1, 1.50996e-07, 0, 0, 0, -1, -1.50996e-07, -1, 0, 0.0024453, 0.00345361, 2.09126e-11)
bind/7/name = &"feet.R"
bind/7/bone = -1
bind/7/pose = Transform3D(-1, -1.50996e-07, 0, 0, 0, -1, 1.50996e-07, -1, 0, -0.0024453, 0.00345361, 9.74245e-12)
