[gd_resource type="Skin" format=3 uid="uid://pupfd4d5lfo8"]

[resource]
resource_name = "Skin"
bind_count = 10
bind/0/name = &"root"
bind/0/bone = -1
bind/0/pose = Transform3D(1, 0, 0, 0, 1, -4.41634e-08, 0, 4.41634e-08, 1, 0, 0, 0)
bind/1/name = &"body"
bind/1/bone = -1
bind/1/pose = Transform3D(1, 0, 0, 0, -1.94255e-07, 1, 0, -1, -2.17902e-07, 2.38868e-19, -0.0105016, 0.00113734)
bind/2/name = &"ear.L"
bind/2/bone = -1
bind/2/pose = Transform3D(0.746047, -2.44141e-08, -0.665893, 0.648416, 0.227599, 0.726467, 0.151557, -0.973755, 0.1698, 0.00983028, -0.0127416, -0.013767)
bind/3/name = &"ear.R"
bind/3/bone = -1
bind/3/pose = Transform3D(0.746047, 2.44141e-08, 0.665893, -0.648416, 0.227599, 0.726467, -0.151557, -0.973755, 0.1698, -0.00983028, -0.0127416, -0.013767)
bind/4/name = &"tail.01"
bind/4/bone = -1
bind/4/pose = Transform3D(-1, 9.80707e-08, 1.14812e-07, -6.98493e-14, 0.760368, -0.649493, -1.50996e-07, -0.649493, -0.760368, -2.34713e-09, 0.000356896, 0.0155443)
bind/5/name = &"tail.02"
bind/5/bone = -1
bind/5/pose = Transform3D(-1, 1.16387e-07, 9.61962e-08, -1.04774e-13, 0.637078, -0.7708, -1.50996e-07, -0.770799, -0.637078, -2.43308e-09, -0.00190475, 0.0161136)
bind/6/name = &"leg.F.L"
bind/6/bone = -1
bind/6/pose = Transform3D(-1, 8.74228e-08, -4.41788e-15, 2.34675e-14, 1.94255e-07, -1, -8.74228e-08, -1, -2.17902e-07, 0.0026013, 0.00888175, -0.00473349)
bind/7/name = &"leg.B.L"
bind/7/bone = -1
bind/7/pose = Transform3D(-1, 8.74228e-08, -4.41788e-15, 2.34675e-14, 1.94255e-07, -1, -8.74228e-08, -1, -2.17902e-07, 0.0026013, 0.00888175, 0.00850672)
bind/8/name = &"leg.F.R"
bind/8/bone = -1
bind/8/pose = Transform3D(-1, 8.74228e-08, -4.41788e-15, 2.34675e-14, 1.94255e-07, -1, -8.74228e-08, -1, -2.17902e-07, -0.0026013, 0.00888175, -0.00473349)
bind/9/name = &"leg.B.R"
bind/9/bone = -1
bind/9/pose = Transform3D(-1, 8.74228e-08, -4.41788e-15, 2.34675e-14, 1.94255e-07, -1, -8.74228e-08, -1, -2.17902e-07, -0.0026013, 0.00888175, 0.00850672)
